+8613420554695
+8613141261901
+8613607282305
+8613898990304
+8613143037652
+8613677379256
+8613707038094
+8613863987750
+8613638350768
+8613307056262
+8613275350066
+8613247916280
+8613196869363
+8613086227905
+8613163422206
+8613621183752
+8613386895493
+8613922528490
+8613702805528
+8613660161336
+8613866834370
+8613963217525
+8602360981726
+8613058001770
+8613132914758
+8613379300008
+8613899891093
+8613699891409
+8604372906125
+8613109901947
+8613700043122
+8613609205259
+8613889513170
+8613892021073
+8613813467198
+8613506430633
+8613592212345
+8613831543545
+8613120791683
+8613774159056
+8613565562055
+8613079971395
+8613981103525
+8613683785167
+8613831783333
+8613631390098
+8613304139866
+8613752553664
+8613957087201
+8613467616108
+8613904028158
+8613832979408
+8613813722288
+8613621502585
+8613055355068
+8613396525877
+8613311846803
+8613177993298
+8613719232815
+8613714818394
+8613715582130
+8613458716668
+8613817309801
+8615821989280
+8613714439358
+8613701075080
+8612111111111
+8613763893319
+8613893148834
+8613776588107
+8613044695108
+8613787337777
+8613849171118
+8615881522483
+8613610344987
+8613708991965
+8613488761455
+8613918187287
+8613937185881
+8613912036955
+8613702382240
+8615901939076
+8613701033670
+8613802360033
+8613368287120
+8613013986928
+8613902206880
+8613804958706
+8613296696766
+8613813377491
+8613625566191
+8613409159888
+8613505450744
+8613607063616
+8613823886567
+8613141428083
+8613805527000
+8613685870091
+8613350662955
+8613632494463
+8613975408869
+8613587263926
+8613682646580
+8613654126646
+8613581821191
+8613973207928
+8613008984959
+8613331829208
+8613364488832
+8613868086189
+8613807203521
+8613957429750
+8613100620360
+8613815830818
+8613193359909
+8613980882383
+8613969675787
+8613903436220
+8613714646817
+8613276584412
+8613564819905
+8613975629827
+8613531105928
+8613634041058
+8613726389183
+8613571987555
+8613917327179
+8613566108555
+8613714278093
+8613770296656
+8613515168466
+8613802917661
+8613064666609
+8613422622659
+8613671219751
+8615917572967
+8613930792811
+8613564908802
+8613802814200
+8613953687555
+8613727095917
+8613815388528
+8613129526892
+8613586000838
+8613909620928
+8613220939728
+8613938367292
+8613708100476
+8613867633200
+8613680764680
+8605782791817
+8613802546589
+8613962055616
+8615921908001
+8613803524264
+8613305271030
+8613902340886
+8613942539255
+8613306243778
+8613023179038
+8613237871989
+8613467832085
+8613937217695
+8613588868003
+8613801510635
+8613987611117
+8613397177377
+8613621281667
+8613881184853
+8613016085001
+8613907309043
+8613016085000
+8613383193870
+8613892166216
+8613862639982
+8613438117760
+8613870669065
+8615924319909
+8615874927268
+8613715593710
+8613967433368
+8613065567870
+8613307222222
+8613641873508
+8613805243879
+8613826502805
+8615989363338
+8613861267962
+8613482551301
+8613682658078
+8613539832808
+8613250855376
+8613610269868
+8613312312312
+8613675049858
+8613816387384
+8613815208945
+8613676680008
+8613834895297
+8613348813885
+8613814202886
+8613641120898
+8613077334998
+8613215021101
+8613003467768
+8613020203484
+8613517226968
+8613688649086
+8613019660635
+8613736019366
+8613986453720
+8613888422382
+8613391127353
+8613992317386
+8613389892737
+8613456818665
+8613667531266
+8613016252625
+8613887130515
+8613328780262
+8613004396528
+8613511962586
+8613651088246
+8613983528331
+8613609140000
+8613824380452
+8613587706658
+8613487457419
+8613818622997
+8613860707828
+8613877105619
+8613316893886
+8613769128721
+8613506562561
+8613541382709
+8613154501444
+8613267136299
+8613605066261
+8613519467051
+8613679067948
+8613002228848
+8613500339079
+8613867447851
+8613615717567
+8613903321771
+8613971705644
+8613798266437
+8613792189834
+8613361261509
+8613808326283
+8613867308988
+8613183718131
+8613785548627
+8613651987252
+8613799327311
+8613522617957
+8613927318723
+8613905290795
+8613368339525
+8605973888512
+8613789120066
+8613464944333
+8613887300115
+8613512709520
+8613118393780
+8613273960311
+8613609478345
+8613757838281
+8613930309399
+8613931554949
+8615903297071
+8613610376728
+8613919090286
+8613616798585
+8613716300733
+8613051791125
+8613422927293
+8613566907147
+8613808923757
+8613305417273
+8613702209346
+8613541332647
+8613317729638
+8613807983336
+8613357659517
+8613994482918
+8613534440480
+8613329709976
+8613572092268
+8613963203611
+8613475163081
+8613571848273
+8615809845218
+8613467367091
+8613338116651
+8613104500857
+8613719475347
+8613751973103
+8613969636265
+8615900908939
+8613751963103
+8613151192368
+8613818162054
+8613866379566
+8613605089474
+8613581791612
+8613269328994
+8613009251931
+8613438306949
+8613506160818
+8613942209583
+8615919338928
+8613996373453
+8613222407098
+8613806712516
+8613686932718
+8613590726449
+8613910121642
+8613958881188
+8613017170863
+8613771123073
+8613651917663
+8613133791226
+8613611709108
+8613059002538
+8613018889680
+8613482294137
+8613706260901
+8613196312345
+8613978391565
+8613520763205
+8613714646321
+8613916039152
+8613799794089
+8613241028585
+8613717832102
+8613666636120
+8613631634679
+8613764317363
+8613826404948
+8613935668568
+8613737554491
+8613307283397
+8613783206899
+8613540029561
+8613613091683
+8613831806262
+8613906173157
+8613909098224
+8613921322889
+8613553835131
+8613564847554
+8613617613007
+8613837667000
+8607168985753
+8613713600611
+8613311055018
+8613979408683
+8615899255625
+8613855915262
+8613856478954
+8613730900310
+8613841372878
+8613950606555
+8613801731425
+8613684965106
+8613707250560
+8613962878777
+8613795985669
+8613955133887
+8613598191778
+8613476602206
+8613714580332
+8613599839156
+8613878757856
+8613075477203
+8613986892078
+8613813991209
+8613362986665
+8613802239788
+8613216755679
+8613835066218
+8613312570676
+8613075803496
+8615960816774
+8613026142093
+8613912221982
+8613661656855
+8613139941114
+8613510327675
+8613339037091
+8613983393929
+867338980
+867335607
+8613826763326
+8613061728829
+8613070686827
+8613795299056
+8613008084508
+8613064643135
+8613706645877
+8613968129999
+8613954464928
+8613902398168
+8613706396644
+8613094428647
+8615968168700
+8613747474747
+8613546803663
+8613902553913
+8615918687218
+8613567891233
+8613945253456
+8613332753383
+8613722404666
+8613566332133
+8613514892222
+8613964237676
+8615902339969
+8613151925228
+8613833311641
+8613402501910
+8613650051729
+8613553582529
+8603132236252
+8613548693901
+8613700648677
+8613911564802
+8613252236071
+8613012061693
+8613370878811
+8613853367833
+8613786197508
+8613560500538
+8613192352763
+8613712125681
+8613867891253
+8613065060200
+8613802538648
+8613939085808
+8613510523105
+8613203678810
+8613567715678
+8613920475844
+8613169346362
+8613950304351
+8613902246445
+8613397127977
+8613812541761
+8613990227696
+8613993690466
+8613833418299
+8613346980566
+8613899978318
+8613308429923
+8613632842615
+8613837991890
+8613506716278
+8613836813848
+8613807300295
+8613064006488
+8613001008715
+8613870606659
+8615961383868
+8613701215072
+8613907714072
+8615991261177
+8613919004246
+8613100821495
+8613961715070
+8613100821496
+8613651993902
+8613975400986
+8613355807785
+8613605480877
+8613164756497
+8613064255538
+8613677087888
+8613933453915
+8613902493159
+8613530895878
+8613170468028
+8613775698016
+8613825251879
+8613985830469
+8613542192689
+8613953823299
+8613632377202
+8613502360986
+8613523287377
+8613908313669
+8613932610056
+8613923589528
+8613355198984
+8615973437645
+8613120831099
+8613583168668
+8613838454808
+8613909163323
+8613381566301
+8613074836769
+8613985512301
+8613701527051
+8613536783333
+8613348312233
+8613606612090
+8613836650755
+8613970124593
+8613507927871
+8613845876969
+8613207024011
+8607603313607
+8613509939299
+8613842257397
+8613622619033
+8613631156679
+8613437893182
+8613809039613
+8613641126953
+8613982366111
+8613103988022
+8615927577440
+8613987861879
+8613801993000
+8613602759156
+8613908343505
+8613863891343
+86123456789
+8613650033599
+8613987654321
+8613575773131
+8613068066963
+8613543426397
+8613501996499
+8613306160050
+8613908359938
+8613707363863
+8615999838735
+8613998687111
+8613760673977
+8613817386528
+8613902481971
+8613697682668
+8613001551808
+8613405250011
+8613681561555
+8613847107179
+8613108713377
+8613693097738
+8613560429291
+8613104040404
+8613508160579
+861
+8613545506477
+8613861109909
+8613014789632
+8615931961693
+8613817990903
+8613198667796
+8613802975924
+8613589982470
+8613187691815
+8613938166232
+8613972776583
+8613101931780
+8613776253288
+8613055175408
+8613925238928
+8613971353955
+8613679821546
+8613381259073
+8613764672445
+8613930383380
+8613798476264
+8615332070769
+8613054176565
+8613607491160
+8613939567170
+8613500090359
+8613123267168
+8613527876323
+8613917045257
+8613969078107
+8613520346310
+8613988552500
+8613511023612
+8613375846559
+8613841166770
+8613870842550
+8613833641252
+8615969820676
+8613604216858
+8613925181750
+8613510183305
+8613175518386
+8613817399010
+8613322344870
+8613657445658
+8613617155472
+8613870166133
+8613927478083
+8613007426114
+8613819017601
+8613801585677
+8613032705737
+8613871281375
+8613669837130
+8613824462428
+8613761262833
+8615859822100
+8613005177653
+8613683383378
+8613501152714
+8613054339325
+8613944269318
+8613761513721
+8613371220958
+8613500904698
+8613604970000
+8613625282680
+8613798660266
+8613944365566
+8613039786889
+8613562911235
+8613220670765
+8613961182117
+8613910835389
+8613602624830
+8613970836199
+8613981813149
+8613311825848
+8613701662386
+8613802511168
+8613949882388
+8615836903555
+8613905815128
+8613306512708
+8613889005842
+8613111688029
+8613235218882
+8613721418898
+8613361888033
+8613550568782
+8613035186827
+8613971956798
+8613826181893
+8613062674330
+8613153862636
+8613601933088
+8613395311287
+8613910030000
+8613911049397
+8613093218800
+8613659430260
+8613831846352
+8613970611031
+8613982172282
+8613928820201
+8615955560506
+8613908227616
+8613363333323
+8613884970285
+8613269686556
+8613179390289
+8613874168916
+8613049325164
+8613162716890
+8613056792457
+8613922923512
+8613620182901
+8613994385456
+8613925092545
+8613776718108
+8613776718158
+8613017263229
+8613544995199
+8613934320004
+8613888011217
+8613977250732
+8613682873616
+8613901820811
+8615989239872
+8613098815096
+8613856988775
+8613640710591
+8613622355571
+8613031702568
+8613358458882
+8613341675856
+8613566696794
+8613812010052
+8613300551223
+8613886822666
+8613424130808
+8638158
+8613300551224
+8613078229298
+8613811944715
+8613817015916
+8613761170746
+8613545152895
+8613839895793
+8613933622633
+8613310678882
+8613386818512
+8613957951080
+8613083176697
+8613036667062
+8613542389702
+8613923656583
+8613801535767
+8613525479881
+8613049377660
+8613418399648
+8613899656756
+8613685768921
+8613631107666
+8613542648
+8613177037764
+8613974779055
+861234567895
+8613824529205
+8613826855622
+8613902378878
+8615817795263
+8613809863293
+8613571659697
+8613600304009
+8613813590098
+8613775480095
+8613602384761
+8613386513650
+8613971009222
+8613962475729
+8613691333253
+8615978361941
+8613978361941
+8613849317765
+8613001812976
+8613881321465
+8613708351503
+8613872567898
+8613593705563
+8613929953166
+8613015600639
+8613986912181
+8613976124600
+8613962712533
+8613899689199
+8613622663886
+8613958788300
+8613520573184
+8613305650329
+8613668846841
+8613889865359
+8613176267379
+8613916074430
+8615885138777
+8613938308451
+8613903119669
+8613799478899
+8613877467800
+8613901512773
+8613828626821
+8613987747765
+8613883668362
+8613888567060
+8613980503682
+8613133840979
+8613710216595
+8613311957722
+8613307523510
+8613911007140
+8613487277349
+8613738993710
+8613903085619
+8613623089733
+8613652655544
+8613602270327
+8613306002345
+8613670166650
+8613738993720
+8613269164250
+8613692158688
+8613389980989
+8613048882956
+8613661004499
+8615859013703
+8613701449299
+8613932932590
+8613513388693
+8601351767018
+8613517670181
+8613820040003
+8613602694179
+8613630804656
+8613899763111
+8613930221778
+8613858002580
+8613567999970
+8613802506700
+8613788746331
+8613320569616
+8613905317751
+8613901245515
+8613578017718
+8602366970998
+8613908322013
+8613942489915
+8613923899013
+8613727453927
+8613701237998
+8613588083355
+8613305890211
+8613122632614
+8613223364804
+8613916128856
+8613169526670
+8613544276503
+8613910278366
+8613380217380
+8613970125886
+8613588080774
+8613685386447
+8613878628909
+8613721100986
+8613718183887
+8613583081888
+8613915164547
+8613383505662
+8613812837863
+8613994091134
+8613614720846
+8613145659629
+8613602554900
+8613785900280
+8613972182123
+8613582606009
+8613003218917
+8613825600998
+8613338293536
+8613501852554
+8613642617053
+8613327033180
+8613981633020
+8613104511991
+8613815273262
+8613792356123
+8613505516205
+8613903590325
+8613755159435
+8613597872266
+8613638596356
+8613991692999
+8613714313313
+8613509336655
+8613588871803
+8613303721298
+8613952186388
+8613799364921
+8613612415378
+8613850293199
+8613019813365
+8613685321123
+8613198569830
+8613560621332
+8619628171116
+8613317920939
+8613805018880
+8613770005882
+8613933901952
+8613874562988
+8613632979559
+8613075533078
+8613837451806
+8613808300927
+8613761476608
+8613600688099
+8613680912113
+8613530619675
+8613505326378
+8613684520155
+8615985168079
+8613861246011
+8613973276867
+8613081278666
+8613518150217
+8613595201608
+8613581603019
+8613874379322
+8615999123687
+8613335599905
+8613069314211
+8613117502029
+8613511071513
+8613840721650
+8613592134306
+8613661380599
+8613775858980
+8613906991687
+8613598455655
+8613808753160
+8613825983688
+8613707483630
+8613675119800
+8613607869776
+8613505308248
+8613614818191
+8613718727888
+8613642740728
+8613309851576
+8613534990826
+8613813483529
+8613751502818
+8613333388888
+8613780857802
+8613333338888
+8613817066856
+8613788844222
+8613704566069
+8613383327072
+8613395810073
+8613030381529
+8613916218434
+8615801808583
+8613839701078
+8613780846276
+8613933322187
+8613368589966
+8613032704910
+8613422222222
+8613435884478
+8613927668154
+8613042168038
+8613563108895
+8613930866022
+8613802001921
+8613816998193
+8613633803240
+8613967500252
+8613802958070
+8613283807898
+8613844352611
+8613404002433
+8613941785334
+8613391999065
+8613535043654
+8613634480282
+8613831135117
+8613045852050
+8613905742287
+8613832061698
+8613587493366
+8613380871776
+8613906319030
+8613631585110
+8613696371061
+8613944946188
+8613676976653
+8613505352389
+8613553335288
+8613751083491
+8613601623058
+8613803010035
+8613328229898
+8613070091898
+8613006001789
+8613920069016
+8613527588175
+8613888888564
+8613837578376
+8615991763632
+8613952896076
+8613901524135
+8613993797158
+8613307755169
+8613384169686
+8613044151400
+8613559069198
+8613951756153
+8613971202909
+8613651964439
+8613061568988
+8613680428880
+8613207531186
+8613910950592
+8613787265611
+8613798303634
+8613580587605
+8613960663080
+8615964595272
+8613660695959
+8613902200161
+8615928078871
+8613602683191
+8613855992760
+8613631644326
+8613798306634
+8613891638869
+8613878649744
+8611397874536
+8613601258298
+8613177604636
+8613759492988
+8613683131234
+8615949200717
+8613573874257
+8613719082142
+8613816303500
+8662155343
+8613961892912
+8613804210555
+8613167269657
+8613304477850
+8613823358691
+8613864009737
+8613580550316
+8613691052386
+8613528801184
+8613650481981
+8613119357307
+8613957433051
+8613603864086
+8613802487743
+8613717931713
+8613691018201
+8613996672288
+8613130784561
+8613671114698
+8613903238592
+8613501970800
+8613585016865
+8613806750398
+8613306612185
+8613521179296
+8613701298677
+8615010878887
+8613703060223
+8613056878760
+8613706137356
+8613906266961
+8613011071028
+8613361920923
+8613528665232
+8613535769096
+8613605841968
+8613816882650
+8613474913228
+8613645288770
+8613878105009
+8613259756739
+8613353866677
+8613809220663
+8613533791042
+8613642195752
+8613589878973
+8615771966156
+8613864756066
+8613392487360
+8613179030225
+8613915137765
+8615866669996
+8613927739003
+8613953558885
+8613818642539
+8613606712686
+8613983709317
+8613053469452
+8613094600076
+8613116626691
+8613605381529
+8613871746017
+8615927289270
+8605126368143
+8613887345355
+8613434268325
+8613600081602
+8613970693400
+8613969792499
+8613971693400
+8613666214912
+8613468396560
+8613657332832
+8613901922616
+8613610262124
+8613458205667
+8613102325650
+8615869314490
+8613598566856
+8613301626679
+8613657317900
+8613693131252
+8613548999507
+8613728957746
+8613096999757
+8613379461279
+8615995712321
+8613715231099
+8613910678121
+8613485195063
+8613812467933
+8613795975603
+8613992706715
+8613803351673
+8613251210160
+8613625752009
+8613915267750
+8613772842495
+8615946502340
+8613728066351
+8613036768676
+8615921931238
+8615853535573
+8613860224606
+8613857713817
+8613146483659
+8613910012051
+8613333318770
+8613661859096
+8613922451166
+8613860224605
+8613530291736
+8613625271246
+8613809168389
+8613980734305
+8613358864438
+8613521301120
+8613875686627
+8613716903113
+8613077856108
+8613223584796
+8613301719300
+8613602649559
+8613310736200
+8613709617171
+8613052752958
+8613570882828
+8613891857008
+8613612746625
+8613146502793
+8613292998889
+8613718036000
+8613238337136
+8613015095051
+8615952510502
+8613510302060
+8613684555111
+8613937783776
+8613361910598
+8613870532738
+8613605298146
+8613204724564
+8613697678710
+8613665901677
+8613845315088
+8613205668828
+8615917342000
+8613396797033
+8613504388805
+8613966716201
+8613872099706
+8613609061404
+8613910098475
+8613205472473
+8613452390077
+8613769126211
+8613500801895
+8613273442644
+8613880939588
+8613507729056
+8613350371908
+8613964125129
+8613714009636
+8613058391866
+8613066554984
+8613729500376
+8613316936034
+8613795635003
+8613826972428
+8613857199172
+8613728006913
+8613810154053
+8613307360333
+8613503706319
+8613814589687
+8613422060273
+8613178117118
+8613632922346
+8613307399456
+8613809134622
+8613974259555
+8613908731472
+8613854768388
+8613093985569
+8613950066992
+8613580481292
+8613945677119
+8613807122796
+8613004320868
+8613802468531
+8613517877923
+8613301672136
+8615315116067
+8613801238301
+8613507190424
+8613994568999
+8613830045966
+8613928228919
+8613991126120
+8602763485765
+8663485765
+861312210095
+8613618621086
+8613925670567
+8613122150095
+8613607887464
+8613903031451
+8613020255926
+8613391956077
+8613859729668
+8613910923302
+8613531483016
+8609106891293
+8613892128689
+8613888199519
+8613703700768
+8613779777001
+8613535521618
+8613829112788
+8613880877816
+8613820921081
+8613650227878
+8613757501887
+8613555679322
+8613952381938
+8613224979828
+8613555689322
+8613985047063
+8613777846015
+8613365265885
+8613406187268
+8613145698547
+8613071989319
+8613901350336
+8613760770683
+8613509699944
+8613760161077
+8613816623307
+8613312903392
+8615926416052
+8613818131680
+8613920222979
+8613959767651
+8613953767651
+8613516297914
+8613611939257
+8613921244229
+8613798574183
+8613705586563
+8613842821415
+8613775312487
+8613665060817
+8613173291898
+8613836014898
+8613833963045
+8613615735171
+8613311416369
+8613501171979
+8613590137975
+8613605552035
+8615975746085
+8613951477962
+8613036379953
+8613911909449
+8613605818359
+8613373877222
+8613708261788
+8613760088571
+8613608963716
+8613505656180
+8613002932840
+8613963043073
+8613972771987
+8613812006952
+8613921478878
+8613611471644
+8605178302366
+8613004746363
+8613826180618
+8651783023665
+8613974948792
+8613548667355
+8613003305132
+8613911915350
+8613729025908
+8613543832778
+8613975148849
+8613047245108
+8613508152927
+8613801199257
+8613834643129
+8613903496362
+8613928094499
+8613790868904
+8613502768787
+8615874854836
+8602762021464
+8615928098868
+8615825162688
+8613193338059
+8613756755207
+8615992480709
+8613307798505
+8615833066665
+8613480018201
+8605952385923
+8659523859236
+861356653281
+86135665328
+8613566532811
+8613925337170
+8613770959518
+8613426703999
+8613712925013
+8613761997997
+8613120514735
+8613327219616
+8613162044131
+8613424469151
+8613120714351
+8613975118288
+8613356844583
+8613583003173
+8615921053739
+8615911569600
+8613506090865
+8613851728688
+8613065017891
+8613174072008
+8613802096229
+8613728225872
+8613578569520
+8613546914737
+8613407929469
+8613841567289
+8613502441103
+8613710939788
+8613505456486
+8613772631246
+8613349692703
+8613069692805
+8613182834389
+8613806273000
+8613823789726
+8613574817526
+8613266768168
+8613716889748
+8613921594311
+8613621491857
+8613606189923
+8613335883679
+8613983828160
+8613992723457
+8613505846385
+8613811252000
+8615974320053
+8613599655555
+8613290568318
+8613127529050
+8613766829201
+8602368116533
+8613901056681
+8613985996580
+8613811999113
+8613718436767
+8613686949717
+8613305872182
+8613857885757
+8613325707600
+8613815571300
+8613912308188
+8613907914578
+8613500257559
+8613826595449
+8613527782998
+8613535825376
+8613157821091
+8613318399319
+8613590074149
+8613868262099
+8613613831177
+8613947251240
+8613843195290
+8613930238813
+8613515481693
+8613628611975
+8613966269807
+8615839675916
+8613949206393
+8613704195136
+8613506447581
+8613915829695
+8613992316786
+8613962145567
+8682701373
+8613857699710
+8615966878122
+8613825235203
+8613392273736
+8613651348413
+8613998832324
+8613689776123
+8613084348043
+8613776011885
+8613576250418
+8613818956171
+8613082358383
+8613580208028
+8613556018788
+8613607484361
+8613782215769
+8613065118421
+8613472491808
+8613717584286
+8613909090901
+8613903093412
+8613640739320
+8613540185818
+8613277232372
+8613902958208
+8613787117304
+8613908251122
+8613902222015
+8613571808001
+8613355009377
+8613536782236
+8613908711190
+8613871530006
+8613962256957
+8613602703972
+8613831996701
+8613874535598
+8613962275201
+8613817733770
+8613060701829
+8613793100259
+8613563400920
+8613362392766
+8613011413512
+8613304958677
+8613053010714
+8613919126851
+8613613456717
+8613126633273
+8613668133480
+8615865907645
+8613962597778
+8613708467294
+8613546235136
+8613779941644
+8613405957749
+8613728537573
+8613943005001
+8613719191520
+8613910201344
+8613501627848
+8615922132589
+8613459259084
+8613826848685
+8613186335390
+8613372172015
+8613618310086
+8613906837099
+8613583110588
+8613957341460
+8613980336692
+8613905370666
+8613969129937
+8615898773533
+8613153620245
+8613391028088
+8613668167823
+8613307307598
+8607666978858
+8613815943778
+8607996978858
+8613542391100
+8613773856128
+8615988101618
+8613930159795
+8613811614736
+8613923792962
+8613508823661
+8613836351022
+8615967586327
+8613967838906
+8613371516309
+8613057491741
+8613925787520
+8613391075895
+8613951660504
+8613693703280
+8613596184600
+8613812651272
+8613518452292
+8613237606860
+8613550717942
+8613566649043
+8613180256069
+8613550953407
+8613707479723
+8613365089785
+8613864393232
+8613325072138
+8613507720086
+8613600263355
+8613502981532
+8613388253236
+8613750291920
+8613512421351
+8615977073891
+8613583354342
+8613778692088
+8613568575697
+8613857108482
+8613860212806
+8613353377338
+8613865518540
+8615939019818
+8613632317076
+8613980713598
+8613809194826
+8613612807890
+8613517267926
+8613053995000
+8613381666782
+8613906517194
+8613816873
+8613818986406
+8613816873279
+8613004757378
+8613986113603
+8613601929669
+8613928923931
+8615999521340
+8613813835022
+8613472614156
+8613732701822
+8615954535002
+8613860033280
+8613197926969
+8613478757667
+8613679069308
+8613186667396
+8613181935009
+8613506633553
+8613899838518
+8613007228258
+8613539748067
+8613122119511
+8613671063283
+8613107738339
+8613036130999
+8613779218998
+8613689095690
+8613815028567
+8613022311828
+8613588739932
+8613715268787
+8615802909516
+8613543576799
+8613857103205
+8613456881838
+8613922860829
+8613530402567
+8613185714366
+8613862178885
+8613602632201
+8613527657237
+8613828450550
+8613405360126
+8613805852368
+8613403318151
+8613992291043
+8613095006879
+8613913886670
+8613813882776
+8613658093682
+8613923774533
+8613763807291
+8613640560101
+8613690208256
+8613975552880
+8613912922585
+8613973306351
+8613788521509
+8613533822622
+8613903419661
+8613528379918
+8615941567505
+8615319459687
+8613804061836
+8613871546836
+8613612718373
+8613910637383
+8613939786818
+8613574577657
+8613312988609
+8613688088566
+8613601295600
+8613908451300
+8613669561657
+8613592626280
+8613642712518
+8613358868933
+8613603056013
+8613950972307
+8613826776290
+8613524695807
+8613317152316
+8613909019975
+8613609213161
+8613636688725
+8613999036419
+8613671068950
+8613926487918
+8613801176170
+8613952860908
+8613627157299
+8615923820380
+8613632524639
+8613505546418
+8613714723285
+8613542315678
+8613828081328
+8613811200455
+8613902238235
+8613321977483
+8612000000000
+8610000000000
+8613201419817
+8613955636200
+8615861314436
+8613860615906
+8613702236833
+8613991676816
+8613568942998
+8613349808737
+8613131137118
+8613902764929
+8615989095683
+8613604813789
+8613775378168
+8613957539273
+8613182957450
+8613514550315
+8613799336756
+8613970741996
+8613845202980
+8613542362599
+8613667531137
+8613970058290
+8613847676200
+8613921059798
+8613947260235
+8613916865220
+8613276573019
+8613905372524
+8613877189176
+8613102687221
+8613352190631
+8613932359985
+8613585524974
+8613773335302
+8613705296055
+8613059156135
+8613502359889
+8613916594849
+8613428754618
+8613684126801
+8613983675901
+8613517740220
+8613530652996
+8613809322139
+8613921213418
+8613905860978
+8615963800021
+8613288942195
+8613977492233
+8613320024227
+8613817027372
+8613779111893
+8613567992133
+8613326999310
+8615979301165
+8613564136345
+8613821136207
+8613039973058
+8613589096005
+8613809888373
+8613758615756
+8613588853143
+8613361101988
+8613808881562
+8613574147650
+86candy
+8613002175089
+8613895002059
+8613111884087
+8613425101105
+8613794315105
+8613957187683
+8613949713226
+8608332961052
+8613550568865
+8613589073599
+8613624675388
+8613500059978
+8613973868248
+8613487346932
+8613986414172
+8613918276007
+8613713050762
+8613925163123
+8613044543959
+8613870881011
+8613808344143
+8613939395120
+8613044126512
+8613505568220
+8613089103072
+8613960574987
+8602586430894
+8615909265207
+8613154948538
+8613600855077
+8613561610717
+8615905966411
+8613271562358
+8613602828178
+8613706209684
+8613995588210
+8613006765558
+8613777655897
+8608168709859
+8613199855206
+8613513523713
+8613958568928
+8613963499637
+8613916679927
+8613862056725
+8613111444034
+8613880161635
+8667119229
+8602767119229
+8613962175827
+8613903762446
+8613860800256
+8613272168328
+8613277242345
+8613520612251
+8613805742624
+8613580306026
+8615698775635
+8613883601261
+8613646718618
+8613751183926
+8613301704408
+8613506048508
+8613643869319
+8613906578792
+8613910323914
+8613751974240
+8613979713936
+8613906870866
+8613539393182
+8613507572286
+8613735639111
+8613786531161
+8613995776588
+8613333251063
+8613908309019
+8613967011199
+8613362797813
+8613892438996
+8613326816676
+8613805069998
+8613366791975
+8613524506578
+8613502770846
+8613650418871
+8613666757252
+8613826253235
+8613434343185
+8613691109939
+8613869134463
+8613864798528
+8613756076447
+8613032101602
+8613938091598
+8613809513799
+8613942900918
+8613907972495
+8613906424698
+8613698982620
+8613111758629
+8613803577523
+8613998648699
+8613332609852
+8613002159176
+8613256782918
+8613936395084
+8613380873373
+8613926181803
+8613502591600
+8613713371398
+8613554970911
+8613820855286
+8613068605713
+8613505291600
+8613906503861
+8613563041661
+8613957137215
+8613437455300
+8613854620998
+8613816648431
+8613331969510
+8613973992402
+8613259269807
+8613707989846
+8613938061990
+8613802560912
+8613210457098
+8613768410313
+8613488197664
+8613900120608
+8613937396555
+8613275697471
+8613591504986
+8613787611889
+8613306357668
+8613421332147
+8613985350711
+8613022363931
+8613874486839
+8613260655282
+8613995386889
+8613704372262
+8613905644689
+8613805773838
+8613923774369
+8613520659862
+8613587198822
+8613012241177
+8613788973126
+8613046180607
+8613662189888
+8613991302256
+8613640236324
+8613543889690
+8613043977904
+8613818212215
+8615999102429
+8613711195589
+8613916109807
+8615962900582
+8613903500931
+8613813726866
+8613724062752
+8613613000103
+8613922538182
+8613908693560
+8613955057092
+8613255644115
+8613925711172
+8615989389812
+8613924260531
+8613506281979
+8613568066898
+8615981096600
+8613831706262
+8613709628323
+8613575736355
+8613646706004
+8613943911655
+8613999964138
+8613937342961
+8613818796735
+8613207465597
+8613789608200
+8613930026767
+8613766877968
+8613381392905
+8613796260735
+8613646614970
+8613961893006
+8613155552329
+8613963762967
+8613438223863
+8613009188815
+8613960998003
+8613004313665
+8615983529759
+8613812484751
+8613603066280
+8613166101773
+8613553556636
+8613817321732
+8613654796947
+8615839881365
+8613621392688
+8613261814631
+8613723484308
+8613988513495
+8613987771585
+8613570234118
+8613173271193
+8613961970715
+8613916973490
+8613982601690
+8613879450708
+8613850657696
+8613862790986
+8615911480008
+8613887202650
+8613681873696
+8613801311600
+8613754337478
+8613347569385
+8613692256728
+8613370619688
+8613791086077
+8604583880358
+8613611281171
+8613617664969
+8613937845000
+8613136597773
+8613985026825
+8613935999095
+8613049040670
+8602129795064
+8615825752908
+8613986854295
+8613958128055
+8613384849381
+8613699968968
+8613113946641
+8613956064847
+8613970343189
+8613885154110
+8613503430411
+8613799535388
+8613805896338
+8613509864369
+8613913718858
+8613991884461
+8613985362931
+8613909172928
+8613704411103
+8613008383936
+8613620035951
+8613028123600
+8613053391266
+8613709442238
+8613850692288
+8613245154564
+8613806501288
+8613043723983
+8613168296787
+8613684935841
+8613520413799
+8613938650519
+8613353106800
+8613658066927
+8613021986176
+8613303883231
+8613039301691
+8613701276469
+8613921125008
+8613621193935
+8613607872116
+8613681442103
+8613488729284
+8613961622112
+8613560420812
+8613320402000
+8613380201822
+8613971900518
+8613982300382
+8613789136854
+8613905858613
+8613539267239
+8613321938030
+8613508953937
+8613355781108
+8613573378403
+8613365959889
+8613601915732
+8613770223133
+8613967197355
