+8613576129661
+8613974533008
+8613587885581
+8613554768283
+8613941607578
+8613875783763
+8613982917208
+8613902221739
+8613823267907
+8613019952896
+8615925767656
+8613671180670
+8613821583777
+8613929850011
+8613509861668
+8613896987882
+8613653419940
+8613105738131
+8613606295908
+8613707176114
+8613105738132
+8613636330425
+8613307971187
+8613752001337
+8613880540809
+8613816335111
+8613755088582
+8613607314573
+8613379068086
+8613788851095
+8613861650776
+8613563509111
+8613803086333
+8613021081416
+8613521248039
+8613837171982
+8613646999399
+8613063588248
+8613825860773
+8613687224329
+8613712936073
+8613813991266
+8615922961218
+8615988099983
+8613482599382
+8613949949118
+8613797879283
+8613363546568
+8613611836952
+8613503407528
+8613503180088
+8615801048534
+8613722531095
+8613306525462
+8613759936800
+8613850001886
+8613810082001
+8613802259525
+8608759252770
+8613595183322
+8613516095753
+8613420687106
+8613868138236
+8615957966779
+8603716380109
+8613213350362
+8613371056789
+8613506027117
+8613872974418
+8615952386868
+8613993675080
+8615874635385
+8613662544787
+8613530002100
+8613476782003
+8613336188682
+8613879726992
+8615882247894
+8613659875765
+8613005952669
+8613837120959
+8613902741260
+8613318251913
+8615917730085
+8613526557986
+8613807889112
+8613602385517
+8613367882573
+8613885608251
+8613834128802
+8613949643433
+8613392614030
+8613133919331
+8613332925898
+8613307388409
+8613909012307
+8613909570022
+8613163797573
+8613602669558
+8601081253168
+8613522784471
+8613602618876
+8613305184933
+8613870965481
+8613366192633
+8613165425555
+8613838567821
+8613018921781
+8613925330626
+8613817526439
+8613476295001
+8613539364198
+8613395303896
+8613355253520
+8613996271711
+8613194832721
+8613586418131
+8603796170390
+8613606705832
+8613965377250
+8613501319309
+8613500994791
+8613925086119
+8613523727145
+8613356308911
+8613922553132
+8613242822039
+8613809880965
+8613707251586
+8613803010292
+8613807397892
+8611121221221
+8615839726066
+8613341697301
+8613692230041
+8613863658056
+8615947528395
+8613978623847
+8613922363422
+8613383689571
+8615986232874
+8615947726668
+8613845660299
+8613990971919
+8613728285223
+8613818199171
+8613809209356
+8615839729066
+8613970884962
+8613933296229
+8613719045809
+8613879238790
+8613509712346
+8613688853421
+8613155804198
+8613563417130
+8613601959624
+8613813370127
+8613804558073
+8613915835816
+8613991595557
+8613503275559
+8613866070968
+8613770543835
+8613509679429
+8613913996788
+8613810660725
+8613376085988
+8613435696491
+8604992939777
+8613056165198
+8604332939777
+8613301861670
+8613164031919
+8613851903744
+8613636557211
+8613807266596
+8613482301209
+8613799312777
+8613015252495
+8615890194711
+8613511777710
+8613191729350
+8613992336435
+8613810095049
+8613729564119
+8615913172088
+8613618659695
+8613475872897
+8615870690365
+8613816082315
+8613807229906
+8613935153488
+8613737778385
+8613903707522
+8615802986055
+8613396002238
+8613917039585
+8613112333106
+8613837597608
+8613951483855
+8613706023993
+8613505160232
+8613890631722
+8615823478996
+8613973800248
+8613916104846
+8613574557788
+8613906122258
+8613020179178
+8613965018859
+8613635870990
+8613150508877
+8613605784268
+8613335390597
+8613811938328
+8613760980061
+8613801463396
+8613840104871
+8613036982517
+8613922811094
+8613702530756
+8613047223678
+8613794316268
+8613807341246
+8613522933416
+8613940208666
+8613903468095
+8613312568798
+8613779362846
+8613902281014
+8613302106567
+8613764614002
+8613078939168
+8613701061151
+8613278819191
+8613783655972
+8613503288648
+8613952262691
+8613982135233
+8613930497631
+8613905585616
+8613877507762
+8615907360813
+8613698811003
+8613711280719
+8613556008050
+8613503233836
+8613153104192
+8613877829382
+8613585984647
+8613430106222
+8613992900558
+8613808177761
+8613802731828
+8613737588699
+8613910170816
+8613398436111
+8613330960298
+8613714205199
+8613034886377
+8613420627778
+8613613613225
+8613318361237
+8613483144918
+8613902180885
+8613220580608
+8613807809466
+8613823889965
+8613701084821
+8613704107060
+8613588708906
+8613514812179
+8613816976498
+8613241829442
+8613705706012
+8613552183127
+8613434136627
+8613817116981
+8613764130232
+8613317166003
+8613669741108
+8613805095986
+8613878005536
+8613785231688
+8613878065536
+8613517986119
+8613710860315
+8613575138601
+8615800795381
+8613153265606
+8613712270019
+8613736816171
+8613958575473
+8613930835879
+8613709759390
+8613706808017
+8613764696936
+8613590559638
+8613932107108
+8613938005306
+8613308211265
+8613310055951
+8613643155322
+8613662710217
+8613512959846
+8613560555345
+8613606160516
+8613710506801
+8613018570831
+8613898926858
+8613404444444
+8613809290082
+8613318711422
+8613521364688
+8613808818979
+8613510383921
+8613553789559
+8613909911111
+8613874845581
+8613035202302
+8613573320052
+8613604470157
+8613541750320
+8613011793589
+8615901936348
+8613666267220
+8613941460382
+8613682430110
+8613511130401
+8613248108234
+8612348108234
+8613869106698
+8613380883797
+8613428925217
+8613962592497
+8613280156999
+8613707290262
+8613906799733
+8613801532356
+8602263969356
+8613512014120
+8613313000118
+8613007526596
+8613707290629
+8613663874979
+8613838022339
+8613505588685
+8613802259100
+8613778295296
+8613665614189
+8613805894296
+8613901881607
+8613957333192
+8613423725313
+8613303972383
+8613461052052
+8613925012871
+8613337608066
+8613041296869
+8613731908189
+8613507439398
+8613792600189
+8613706307879
+8613134503999
+8613887600681
+8613311901697
+8613922319432
+8613804751978
+8613592519187
+8613907451087
+8613566309840
+8613910659868
+8613661205078
+8613825738098
+8613901297636
+8613728885985
+8613030000699
+8613143344918
+8615956438909
+8613580687609
+8613530387458
+8613036470388
+8613439635258
+8613677529851
+8613980952884
+8613510002678
+8613908072220
+8613730203520
+8613535609296
+8613817900312
+8613196580345
+8613478670323
+8613926039135
+8613564436956
+8613607138891
+8615921215088
+8613918275527
+8613811552634
+8613807912292
+8613148855800
+8613397218899
+8613751964187
+8613198534106
+8613176580258
+8613189903258
+8613537618181
+8613357736216
+8613516317871
+8615954038085
+8613401126783
+8615816508657
+8613013737857
+8613585762341
+8613790600128
+8613202628990
+8613030234663
+8613969185766
+8613905800808
+8613820683191
+8613890687561
+8613953370947
+8613701165587
+8613953435971
+8613338700241
+8613915833146
+8613615887749
+8615959161254
+8613907948671
+8613919973470
+8613799413080
+8613550238017
+8613590984232
+8613840875208
+8613753331552
+8613801200914
+8613579660023
+8613609126958
+8613725585678
+8613510819932
+8613602331212
+8613057526256
+8615901131044
+8613910651728
+8613397756489
+8613415671930
+86game2006
+8615918685996
+86game2006PRjajeiabjgbegebccfhfRP
+86game2006sPiDoMFREHI
+8613536866761
+86game2006' AND 5=5 OR 's'='0
+86game2006SSEQWOROR)QESSWOROR
+8613379487002
+86game2006' AND 5=0 OR 's'='0
+86game2006SSEQPXSRQ QESSPXSRQ
+86game2006SSEQNSAAQ(QESSNSAAQ
+86game2006PRbciafbicadfbhdgebeRP
+86game2006' OR 5=5 OR 's'='0
+86game2006SSEQBURVP)QESSBURVP
+86game2006' OR 5=0 OR 's'='0
+86game2006SSEQDOLGC>QESSDOLGC
+86game2006SSEQKRBGV)QESSKRBGV
+8613878809140
+86game2006SSEQHEAER>QESSHEAER
+86game2006sPiDoMYNHHB
+86game2006SSEQWVBSJ QESSWVBSJ
+86game2006SSEQFWXQU"QESSFWXQU
+86game2006PRdddfgihdjjfaibjfgbeRP
+86game2006SSEQRNRGD:QESSRNRGD
+86game2006SSEQSGXRQ(QESSSGXRQ
+86game2006SSEQUYQIM>QESSUYQIM
+86game2006SSEQKYADB)QESSKYADB
+86game2006SSEQFFLUJ"QESSFFLUJ
+86game2006SSEQHNUXY QESSHNUXY
+86game2006SSEQWGQOF:QESSWGQOF
+86game2006SSEQHPJAR:QESSHPJAR
+86game2006SSEQRGJQM QESSRGJQM
+86game2006SSEQNXYEH>QESSNXYEH
+8613874561230
+86game2006SSEQFOAUI"QESSFOAUI
+86game2006SSEQRKYYI:QESSRKYYI
+86game2006sPiDoMESPBY
+8613310880015
+86game2006sPiDoMYIOFP
+86game2006SSEQQRCHS(QESSQRCHS
+86game2006SSEQTGWUP)QESSTGWUP
+86game2006SSEQMCDXD(QESSMCDXD
+86game2006SSEQLVWHK QESSLVWHK
+86game2006SSEQMKKBF)QESSMKKBF
+8613801268871
+8613651717157
+8613758060600
+8613907717588
+8613615677071
+8613368512128
+8613138897952
+8613768911829
+8613063249723
+8613802772302
+8613700611417
+8613630683575
+8613637542402
+8613035246800
+8613460896959
+8613766688306
+8613675158899
+8613531332583
+8613714181472
+8613826818683
+8613391516700
+8613501985620
+8613898090997
+8602988936182
+8615812551198
+8613032262324
+8613889320897
+8613808985878
+8613575561206
+8613950809008
+8613641923221
+8613939076667
+8613507294320
+8613304796895
+8613509631181
+8615999654166
+8613806059944
+8615971399301
+8613396388556
+8613819797351
+8613993576662
+8613843248369
+8613802942349
+8613868141956
+8613922862388
+8613538638896
+8613563284428
+8613607980687
+8613856789629
+8613880682798
+8615986602210
+8613516831595
+8613253126788
+8613902825361
+8613982889002
+8613826910905
+8613895049558
+8613998182866
+8613808899295
+8613727033678
+8613819769427
+8613970456223
+8613905637918
+8604148637636
+8613983976020
+8613600913385
+8613236000155
+8613415578413
+8613516771989
+8615879124401
+8613136884656
+8613672146336
+8613938436358
+8613928161381
+8613593987059
+8613601807802
+8613924037089
+8613606566600
+8613628360910
+8613975395049
+8613931839777
+8613901939528
+8613666152658
+8613019455966
+8613601080586
+8613367053778
+8613310889099
+8613354515151
+8613912405699
+8613901681451
+8613845630883
+8613728377798
+8613511402745
+8613573555568
+8613903994849
+8613916581354
+8613554731160
+8613837688515
+8613980306992
+8613571687481
+8613960960911
+8613904509757
+8613962807169
+8613906598175
+8613501032653
+8613986046979
+8613030036201
+8613893416970
+8613602650737
+8613325613209
+8613308222350
+8613313750827
+8602762699839
+8613370216650
+8615909449626
+8613904581686
+8613839259128
+8613752338023
+8613929080886
+8613999969922
+8613332998017
+8613905276900
+8613689550595
+8613990959778
+8613683001977
+8613867501858
+8613327771328
+8613961821247
+8613588114998
+8613607121430
+8615816792163
+8613069799993
+8613717586271
+8613852331536
+8613681067950
+8613577380199
+8613962323238
+8613502882303
+8613187862850
+8613635337447
+8613804790701
+8613559548586
+8613728084284
+8613792109828
+8613842283042
+8615853190277
+8613605814267
+8613198839008
+8613265738202
+8613460442359
+8613868780288
+8613703101859
+8613957999458
+8613912293168
+8613937802310
+8613323322168
+8613869323643
+8613901193844
+8613700554473
+8613636562773
+8613544999823
+8613855900913
+8613601067714
+8613901997066
+8613606237876
+8613705318098
+8613715569899
+8613759198966
+8613923118178
+8613504462380
+8615902165727
+8613869191682
+8613802978065
+8613973302911
+8613912436882
+8613841919398
+8613911372680
+8613907321231
+8613380660391
+8613946581223
+8613431879758
+8613001647836
+8615847917609
+8613133448948
+8615975068263
+8613705482678
+8615904603679
+8613757640369
+8615837863032
+8613714061941
+8613615395822
+8613969784708
+8613861558503
+8613641092651
+8613943668949
+8613501693663
+8613905731789
+8613303830079
+8613370510812
+8613566691118
+8613501510598
+8613705758001
+8613618063799
+8613728120188
+8613590455570
+8615920991109
+8613561518899
+8613398350109
+8613500308659
+8613011961721
+8613683023680
+8613177853698
+8613105993333
+8613707959673
+8613015051815
+8613683503073
+8613128158621
+8615952985521
+8613973220457
+8613972736988
+8613521609239
+8613986932891
+8613604756135
+8613870322085
+8613973683132
+8613884793088
+8613875643860
+8613968545180
+8613605998226
+8613950253112
+8613175875077
+8613599242573
+8613160081741
+8613568369873
+8613095982281
+8613805770382
+8613677316977
+8613706015219
+8613474026486
+8613700303003
+8613607646733
+8613391000900
+8613841812066
+8613686792739
+8613251400917
+8613669823763
+8613907785252
+8613863547740
+8613912039938
+8613917141239
+8613735931788
+8613054025055
+8613886393540
+8613717174800
+8613635268997
+8613077920031
+8613864493142
+8613706206622
+8615866715998
+8613805051177
+8613575154991
+8613651982345
+8613809276412
+8613798002263
+8613070208020
+8613943406152
+8613776207880
+8613605036882
+8613662057109
+8613918770589
+8615965188550
+8613864693003
+8613674086148
+8613837129166
+8613615707569
+8613392482238
+8613835977281
+8613719218583
+8613219798101
+8613605560618
+8613735650668
+8613958984254
+8613905119889
+8613662266178
+8613906134318
+8613432058504
+8615945692625
+8613808288433
+8613148807525
+8613979238312
+8615955410596
+8615962310086
+8613312420906
+8613975191732
+8613591715728
+8613881759390
+8613513441435
+8607633881110
+8613904608303
+8613058669212
+8613151041200
+8613439313694
+8613808859056
+8613471524472
+8613968494766
+8613018352101
+8613379506193
+8613318761987
+8613585398013
+8613934040258
+8613662641550
+8615921013925
+8613918158205
+8613171755882
+8613351880912
+8613916937374
+8613783978699
+8613611318661
+8613081288753
+8613808923188
+8613724584079
+8613908692059
+8613908683959
+8613915693625
+8613801118052
+8613925833546
+8613133166552
+8613559904087
+8613685390890
+8613223938217
+8613519362083
+8613626261082
+8613758989533
+8613867102006
+8613858854197
+8613988992599
+8613341911628
+8613918082205
+8613014432107
+8613667777048
+8613679777696
+8613701073719
+8613450748939
+8613937987851
+8613371270962
+8613925193302
+8613871291443
+8613458398406
+8613701656666
+8613651932127
+8607316899119
+8613058670768
+8613979278623
+8613518668884
+8613044620877
+8613901537052
+8613005437556
+8613861865349
+8615919141144
+8613056096499
+8613820123133
+8613907736910
+8613562116966
+8615988722700
+8613881936945
+8613017150462
+8613037355127
+8613101397515
+8613937616607
+8613860779184
+8615975258648
+8613981816067
+8613643792339
+8613483122688
+8613838941104
+8613977561223
+8613332228108
+8613956436639
+8613715428005
+8613808144520
+8615877803457
+8613514169739
+8613907361966
+8613982596056
+8613759825990
+8613603866399
+8613305861868
+8613781856567
+8613902492400
+8613909082377
+8613860001706
+8613831020257
+8613509091167
+8613717525967
+8613681580358
+8613932024304
+8613708317311
+8613926098535
+8613810163865
+8613786102211
+8613600073362
+8613719956980
+8613605192156
+8613873992073
+8613533123608
+8615893580600
+8613555600811
+8613904915674
+8613919333666
+8613358129912
+8613644905409
+8613922852470
+8613704295703
+8613905631020
+8613969956178
+8613871667106
+8613512587145
+8613703622332
+8613770007799
+8613414109260
+8613601692958
+8613236155513
+8613418768265
+8613685867756
+8613503868661
+8613853672891
+8613550079665
+8613939892698
+8613511221060
+8613507380508
+8613508446209
+8613905895586
+8613911673215
+8613739126559
+8613153187967
+8613902422210
+8613926545151
+8613599504764
+8615968462356
+8613886840761
+8613960229437
+8613601777743
+8613707351094
+8613806157088
+8613669070072
+8613850794064
+8613179879819
+8613313811187
+8613922288100
+8613308190575
+8613837666962
+8613668756736
+8613998885456
+8613636786786
+8613621058083
+8613355485868
+8613391125522
+8613884866010
+8613828899699
+8613758572268
+8613861873101
+8613952938906
+8613906490069
+8613323115758
+8613579756349
+8608766980003
+8613914373777
+8613999231133
+8613576770669
+8613576258455
+8613883969052
+8613331901176
+8613798350070
+8613982599380
+8613133162665
+8613982538990
+8613968072909
+8613060096711
+8613957883217
+8613312029192
+8613798455591
+8613776097766
+8613650025060
+8613590296937
+8613819973734
+8613888002692
+8615994004055
+8613913984666
+8613963234628
+8613048807578
+8613970738685
+8613706984020
+8613738055350
+8613617811630
+8613706236625
+8613676548241
+8613616869250
+8613371817659
+8613509353808
+8613079808902
+8613761272771
+8613806668161
+8613527444383
+8613838083152
+8613774409981
+8613824622338
+8613810388198
+8613898011695
+8613700929202
+8613311800123
+8613388800368
+8613661125395
+8613474170416
+8613358683899
+8613946988137
+8613566568997
+8613986328778
+8615278819553
+8613902233236
+8613091855007
+8613828111111
+8615945502572
+8615832500560
+8613323299068
+8613714360596
+8613361587136
+8613842241247
+8613689560524
+8613347706999
+8613860215830
+8613326078088
+8613678375285
+8613625223337
+8613815675984
+8613596919982
+8613625659632
+8613517388108
+8613702135718
+8613854337056
+8613472536966
+8615905013973
+8613489052282
+8613427243838
+8613693268822
+8615927328126
+8613380107377
+8607346628043
+8613974826420
+8613764123990
+8613929983862
+8613007371568
+8613870806774
+8613806450612
+8613951971699
+8613573801525
+8615990105700
+8615315397881
+8613789739826
+8613818888888
+8613566145111
+8613222165108
+8613379366622
+8613137767775
+8613411738069
+8613712649019
+8613203772599
+8613838829088
+8613532938338
+8615905797832
+8613906769022
+8613139256032
+8613097641913
+8613901659285
+8613983795429
+8613607341160
+8613817470756
+8613684051015
+8613950667918
+8613837842345
+8613594398333
+8613576025548
+8613304122239
+8613328982859
+8613757157795
+8613598033000
+8613889065611
+8613900010001
+8613680562125
+8613877171099
+8613608721616
+8613888886666
+8613566751085
+8613562893885
+8613801231002
+8613061606777
+8613503872717
+8613701863466
+8613981961435
+8613908860335
+8613557148147
+8613982289692
+8613305573788
+8613666191938
+8613602697061
+8613835477993
+8613330631901
+8613751378478
+8613028804519
+8613641453531
+8613501017780
+8613253385870
+8615908611100
+8613716643210
+8613955294187
+8613977011144
+8615921710993
+8613004030584
+8613955294354
+8613635104455
+8613428600926
+8613958828985
+8613327238313
+8613901501261
+8613692174803
+8613656134287
+8613916325172
+8613188378796
+8615917315683
+8613603953699
+8613635722899
+8613761933900
+8613826581516
+8613135273999
+8613551839000
+8613259495369
+8613773321311
+8613682459982
+8613991055788
+8613901799653
+8613761836344
+8613879621029
+8613902846104
+8613549243212
+8613874093161
+8613432791607
+8613295858036
+8613901817824
+8613689518906
+8613645621367
+8613042661520
+8613906405643
+8613906267978
+8613316002898
+8613380027188
+8613701311907
+8613038018752
+8613506135683
+8612603845088
+8613938493750
+8613593146300
+8613083609615
+8613850675181
+8613785178404
+8615857170339
+8613806200561
+8613957009226
+8615999580223
+8613866412065
+8613064783966
+8613506362350
+8613679301498
+8613542008460
+8613701720697
+8613105317332
+8613822681666
+8613648894485
+8613437255055
+8613604821297
+8613399922216
+8613757315633
+8613404813051
+8615922092195
+8613885849806
+8615919855513
+8613664947879
+8613859585690
+8613566981087
+8613619798585
+8613615389697
+8613705596842
+8613980033067
+8613908009486
+8615997515986
+8613978599903
+8613507996511
+8613758831816
+8613502828099
+8613104630608
+8613636385252
+8613838142707
+8613872896164
+8613163558811
+8613913122060
+8613221333571
+8613685864336
+8613683311524
+8613182280019
+8613527894999
+8613242715957
+8613812843879
+8613902337000
+8613858812277
+8614396576816
+8613320372117
+8613953466837
+8613804516632
+8613793477083
+8613605870065
+8613837310676
+8613588419480
+8613834681561
+8613074123002
+8613014667108
+8615917800305
+8613908626216
+8613591334219
+8613717536036
+8613333482171
+8613696781338
+8613696761908
+8613950114463
+8613524107120
+8613980290870
+8613162694995
+8613952422606
+8613911854686
+8613652032287
+8613013116112
+8613872705555
+8613826187400
+8613653066039
+8613979191895
+8613826434895
+8613726332727
+8613967584952
+8613307342379
+8613805975301
+8613322961612
+8613240408855
+8613502125550
+8613095267136
+8613020153337
+8613975181891
+8613036750296
+8613888275663
+8613302739119
+8615938756479
+8613605612260
+8613514215932
+8613816526674
+8613510821199
+8613588548656
+8613066839225
+8613916234950
+8613953220365
+8613771160360
+8613820510855
+8613324221317
+8613088621928
+8613735240380
+8613105144775
+8613875368546
+8613880566188
+8613908050172
+8613975356384
+8613862809261
+8613853328634
+8613902557730
+8613928455129
+8613971539731
+8613902472717
+8613916583056
+8613806929099
+8615823060796
+8613792359111
+8613153938707
+8613409968054
+8613587708020
+8613782256330
+8613850866312
+8613707848585
+8613750587395
+8615927330059
+8613117808681
+8613506210777
+8613983059701
+8613489960607
+8613965530423
+8613877837662
+8613348859597
+8613803570691
+8613321191362
+8613387607015
+8613940999158
+8613065492791
+8613716229206
+8613807204456
+8613912313694
+8613669524947
+8613914095728
+8613433080655
+8613280182316
+8613803186267
+8613370008206
+8612672377344
+8613809777823
+8613501641557
+8613928921109
+8613768588881
+8613917989638
+8613963786657
+8613560192707
+8613809712828
+8613918561390
+8613602805679
+8613332818088
+8613951139678
+8613131011739
+8613865112602
+8613896539062
+8613777132122
+8613567506369
+8613540434351
+8613815269212
+8613882878284
+8613821968484
+8613651293314
+8613569850140
+8613799305750
+8613723572692
+8615883377735
+8613554992018
+8613322489510
+8613854840256
+8613971757889
+8613959018811
+8613818500897
+8613901188685
+8613524597020
+8613789339738
+8613608039696
+8613003946618
+8613928235802
+8613666083183
+8613715176173
+8613833125561
+8613903312844
+8613577824021
+8613641809998
+8613641171312
+8613604289326
+8613692808454
+8613386078252
+8613303121838
+8613326292900
+8613917978263
+8613855210150
+8613682494001
+8613534866309
+8613660085999
+8613517315126
+8613922424005
+8613896333357
+8613380727129
+8613888168676
+8613962612206
+8613310976829
+8613802220714
+8615962620081
+8613812515858
+8613819101798
+8613381158336
+8613885578898
+8613023848405
+8613642703742
+8613914100215
+8613543281207
+8613890909090
+8613487097047
+8613488710051
+8613870994099
+8613621560799
+8613802566741
+8615923343382
+8613529417080
+8613583266677
+8613662521067
+8613967578447
+8613909969668
+8613402669852
+8613362588618
+8613797140762
+8613823249488
+8613867028233
+8613818598099
+8613818983458
+8615831151025
+8613693651006
+8613585780348
+8613693567218
+8613641906088
+8613968825355
+8613902606280
+8613829208814
+8603358661481
+8613933515583
+8613153502182
+8613361507672
+8615933709516
+8613709030632
+8613512788575
+8613933626862
+8613898079528
+8613517671708
+8613955725468
+8613909180556
+8613603357776
+8613001078782
+8613992662937
+8613968288096
+8613057669761
+8613381871375
+8613622959289
+8613300551221
+8613752430341
+8613652657575
+8613988902536
+8613861388115
+8613805616817
+8613012787002
+8613923838798
+8613874868826
+8613787139373
+8613825758489
+8613616115926
+8613941190286
+8613837448058
+8605938389697
+8613812000458
+8615942625155
+8613013780363
+8615996021146
+8613321021211
+8613816502726
+8613905006379
+8613711528008
+8613136476831
+8613705715654
+8613036565222
+8613870686353
+8615981603658
+8613604465732
+8613092826267
+8613906794718
+8613602060077
+8613471266619
+8613574589692
+8613311067121
+8613888711994
+8613795302667
+8613816388973
+8613627996953
+8613708918828
+8613311067043
+8613991518078
+8613945057707
+8613909642841
+8613726351333
+8602762451733
+8613263266226
+8613908640225
+8613853185620
+8613637845015
+8613382035705
+8613803706297
+8613661375232
+8613853172227
+8613833560909
+8613567557670
+8615487963200
+8613981893516
+8613805403398
+8613585065518
+8613621131002
+8613301013237
+8613717566560
+8618514843466
+8613975443103
+8613466714579
+8613801666949
+8613709953042
+8615958877765
+8613593145426
+8613249091501
+8613902283045
+8613540655613
+8613905287788
+8613355594173
+8613507964029
+8613826961132
+8613912401658
+8613588607636
+8613903077680
+8613702107379
+8613398351175
+8613822677707
+8613775558523
+8613601701338
+8613358502683
+8613552430813
+8613336812918
+8613879501800
+8613179846560
+8613801948280
+8613870464321
+8613701701423
+8613506409098
+8613919412904
+8613976858572
+8613175809665
+8613065016990
+8613905328576
+8613232445556
+8613818198017
+8613957144260
+8613381872037
+8613761389010
+8613209046128
+8613799784816
+8613632317072
+8613120340094
+8613003618361
+8613968482709
+8613705516457
+8615878679127
+8613627470708
+8613521164444
+8613098995161
+8613930149132
+8613907600999
+8614814814814
+8613946373733
+8613757590386
+8613931520879
+8613826484410
+8613918524866
+8613016466047
+8615918457094
+8613974863588
+8613486428342
+8613864583748
+8613048969216
+8613305538902
+8613299681338
+8613256986523
+8613809767799
+8613867263330
+8613806432008
+8613502795123
+8613571826338
+8613363962393
+8613556381368
+8613985826880
+8613603910656
+8613618325141
+8613817823601
+8613366628749
+8613779073132
+8613686760167
+8613873485355
+8613910022112
+8613838876389
+8613906042610
+8613802398098
+8613926878632
+8613801110263
+8613061652193
+8613706763827
+8605928635090
+8613600924839
+8613801853231
+8613588228029
+8613923140333
+8613791272218
+8615810026773
+8613636413704
+8613574094096
+8613631155128
+8615891258177
+8613901531543
+8605238515201
+8613510885605
+8613953741874
+8613712102626
+8613808642569
+8613084239434
+8613757500751
+8615871991206
+8613769296255
+8613185922618
+8613587020405
+8613596243888
+8613962633728
+8613602717572
+8613406582012
+8613635395338
+8613728938550
+8613966345143
+8613837621656
+8613719000266
+8613600712581
+8615951648984
+8613957103760
+8613913315868
+8613601686656
+8607307775168
+8613973019222
+8615971966100
+8613326825956
+8613790399090
+8613171233639
+8615801982244
+8613977317177
+8613853306595
+8613982367727
+8613513746655
+8613313676766
+8613853241806
+8613563731819
+8613318730776
+8613648038647
+8613430260007
+8615832925696
+8613430259934
+8613898119777
+8613703072701
+8613925056382
+8613630519593
+8613874832744
+8613621310846
+8613656899016
+8613182988168
+8613614526806
+8615800900751
+8613064408154
+8613588885306
+8613542251253
+8613307816652
+8613622368670
+8613570210457
+8613790914425
+8613785115117
+8605928898710
+8613515911258
+8613004780625
+8613790934425
+8613105282388
+8613130411875
+8613911049741
+8613901204411
+8613573544991
+8613569671588
+8613687334396
+8613702264844
+8615932013566
+8613972468635
+8613592183156
+8615954265772
+8613779170521
+8613879119216
+8613858077312
+8613007234215
+8615959301467
+8613928320963
+8613817601105
+8613361086167
+8613912670938
+8613999555895
+8613908859447
+8613599062500
+8613574293610
+8613892735533
+8613362183982
+8613017071611
+8613411757166
+8613535961527
+8613994556180
+8613907833717
+8613325410158
+8613335435057
+8613555528039
+8613869840962
+8613583616450
+8613756068169
+8613641004356
+8608188229106
+8613307158990
+8613909086007
+8613075810218
+8613561074587
+8613305321159
+8613940554679
+8615993277616
+8613964957368
+8613176276721
+8613818628238
+8613016852252
+8613870856190
+8613143295749
+8613585758802
+8613890615119
+8613883938488
+8613228488017
+8613940025866
+8613834291111
+8613621017444
+8613934150335
+8615957109779
+8613317368258
+8613878846954
+8613505542357
+8615882567688
+8613901035800
+8612345678996
+8613928735693
+8613606913301
+8613705761889
+8613502756197
+8613477336398
+8615801642681
+8613654527461
+8613938760063
+8613683242415
+8615800918908
+8613868292002
+8613965002811
+8613903971378
+8613513747684
+8613014184338
+8613720377595
+8613858173298
+8613963808999
+8613238043323
+8613509668369
+8613631560797
+8613405530277
+8613864313922
+8613809294577
+8613912137896
+8615803791333
+8613960373403
+8613602906886
+8613934186238
+8613679886969
+8613923382875
+8613686921171
+8613585943430
+8613979266818
+8613531560797
+8613700626259
+8613920588258
+8613308805998
+8613500013284
+8613951958188
+8613691615802
+8613902584261
+8613607696891
+8613775345928
+8613607693891
+8613957166000
+8613852458799
+8613962169518
+8613954698167
+8613905005535
+8613718621693
+8613339793917
+8613942309660
+8613935842190
+8613877818869
+8613788718869
+8613912020556
+8613390686588
+8613828250010
+8613595219318
+8613701515421
+8613801268331
+8613923913103
+8613643768821
+8613837827662
+8613629823235
+8613806978999
+8613903476788
+8613702721991
+8613994989706
+8613671940273
+8613162498226
+8613792533195
+8613760025087
+8613813576782
+8613877150423
+8613528270999
+8613501957228
+8613860963909
+8613980906599
+8613708879997
+8613813338117
+8613908116277
+8613526260058
+8613502850705
+8613542738626
+8613803784367
+8615907747400
+8613055118363
+8613838159768
+8613051911539
+8613660377906
+8613890816926
+8613083020000
+8613565223564
+8613946034629
+8613502626268
+8613031248404
+8613844640886
+8613153310717
+8613947341530
+8613549104490
+8613871100255
+8604518696321
+8613703628006
+8613602078120
+8613873332260
+8613101028499
+8613874823035
+8613528759100
+8613870857572
+8613605902349
+8615957162256
+8613163780647
+8613602697750
+8613927701363
+8615989007916
+8613555342543
+8613424343453
+8615935327981
+8613606831720
+8613925265986
+8607317915465
+8613080545316
+8613612789650
+8613928252266
+8613273676618
+8613306750788
+8613601108456
+8613003125203
+8613623084838
+8613829388971
+8613951938003
+8613501050718
+8613505162973
+8613522668945
+8613805764928
+8613861252423
+8613908138349
+8613890055138
+8613946345786
+8613658774096
+8615942111222
+8613527934231
+8613099553638
+8613608853991
+8613672919582
+8613704981034
+8613685179960
+8613916426555
+8613311501698
+8613651881837
+8613186994978
+8613976526677
+8613149080488
+8605125273485
+8613622830602
+8613804296008
+8613115166868
+8613770690190
+8613710135181
+8613608584998
+8613710856200
+8613961731118
+8613788716766
+8613858378511
+8613387862520
+8613806972818
+8613705316376
+8613702965199
+8613910911915
+8613903156789
+8613302346391
+8613086710336
+8613929922291
+8613832200781
+8661998310631
+8613864289027
+8613400000000
+8613965203971
+8613858029599
+8615819368189
+8613157199892
+8613622253473
+8613800077888
+8613687655939
+8613121310885
+8613115177313
+8615929347962
+8615952293088
+8613974251601
+8613940814250
+8613912976255
+8613593704951
+8613808062317
+8604328582220
+8613570586077
+8613860429815
+8613857928399
+8613588536901
+8613943097831
+8613305793482
+8613963085885
+8613901752672
+8613816940209
+8613967473454
+8613691650334
+8613526892233
+8613922208822
+8613672467692
+8613974302057
+8615936429497
+8613309690196
+8613702264457
+8613993001786
+8613115837888
+8613718560222
+8615929249888
+8613831332359
+8613718781869
+8613850886970
+8613502188834
+8613607979286
+8613974931272
+8613851433108
+8613878316757
+8613601029071
+8602341902730
+8613908333683
+8613614329390
+8613709205298
+8613875803363
+8613346877880
+8613333033899
+8613943083858
+8613877900359
+8613507227864
+8613735492567
+8613901021611
+8613660367317
+8613969803719
+8615821709891
+8613054285600
+8613881955998
+8613696909391
+8613870010659
+8613141120358
+8613992875773
+8613936613150
+8613055768767
+8601083937359
+8613758159925
+8613761481554
+8613524870225
+8613817027822
+8612665656561
+8613699809474
+8613918182534
+8613711661692
+8613570870992
+8613533650080
+8613890202176
+8615821420855
+8613141224034
+8613902461898
+8613714305819
+8613532797178
+8613922082122
+8613589835838
+8613188288081
+8619060351108
+8613898177888
+8613926231128
+8613977419006
+8613336107998
+8613816451692
