+8613237174678
+8613484390230
+8613886089127
+8613913699150
+8613651827512
+8613810530243
+8613701171540
+8613936946779
+8613151108855
+8613654036888
+8613434189108
+8613003522608
+8613906897856
+8613937159389
+8613993340538
+8613660084036
+8613969545026
+8613710661838
+8615821779566
+8613001556080
+8613808482842
+8613347650065
+8613872399489
+8613386887086
+8613922173265
+8613902897366
+8615928119860
+8613920361842
+8613607572924
+8613665205826
+8613588978968
+8613824463093
+8615861682469
+8613273166129
+8602584201160
+8613903747652
+8613903574182
+8613308418264
+8613936139100
+8613823381471
+8613009849052
+8613577107703
+8613005959196
+8613018625590
+8613714776001
+8613515025025
+8612345678989
+8613085419080
+8613707908660
+8613103552042
+8613911039643
+8613089116403
+8613819986725
+8613671186237
+8613396055558
+8613752867356
+8613656662582
+8613346561082
+8613439294441
+8613354602717
+8605758788149
+8613348501819
+8613709963678
+8613952299208
+8613068647838
+8613591504321
+8613292767597
+8613827066844
+8615966069898
+8613793188777
+8615333828802
+8613505816433
+8613873001701
+8613607700869
+8613235812521
+8613857947968
+8613023206676
+8613178592196
+8613620912482
+8607146260316
+8613020233926
+8613603061505
+8613085207758
+8613726219323
+8613001425003
+8613966291323
+8613021929207
+8615910022829
+8613236525087
+8613602851180
+8613014002015
+8613798452848
+8613690111418
+8613735618081
+8615923575699
+8613993461848
+8613640059996
+8613527597688
+8613330181333
+8613138888386
+8613616199900
+8613507388797
+8613475948045
+8613964948043
+8613964948063
+8613671129022
+8613839499066
+8613382760982
+8613973701143
+8613903764939
+8613854128596
+8613904094142
+8613485567555
+8613935856700
+8613600257121
+8613381121659
+8613313015599
+8613967104703
+8613910293476
+8613605180148
+8613524452616
+8613807585916
+8613333051762
+8613841544930
+8613641163945
+8615975676628
+8613501119428
+8613087288628
+8613820650799
+8613821352555
+8613569631126
+8613808106998
+8613898128987
+8613016054049
+8613807477582
+8613966343970
+8613910063315
+8613832299858
+8613607969196
+8613452880807
+8613030260636
+8615954192202
+8613902996596
+8613515706144
+8613452880801
+8613917525990
+8613700694996
+8613510778436
+8613878135054
+8613866568988
+8613848248939
+8613686772200
+8613882726536
+8613544951840
+8613632926800
+8613817226214
+8613923448878
+8613926035023
+8613787141777
+8613065692693
+8613958183986
+8615921980371
+8613705515920
+8613678519328
+8613453179255
+8613973270059
+8613939379292
+8613561081234
+8613811551189
+8613503289150
+8613134295792
+8613950493672
+8613602669787
+8613600838345
+8613553488769
+8613567716698
+8613832113945
+8615887886655
+8613886049393
+8613033692801
+8613678149850
+8613949339612
+8613819046780
+8613501122251
+8613826280191
+8613616853186
+8613704049466
+8615960313637
+8613715266110
+8613754262216
+8613928542812
+8613367859390
+8613688537799
+8613585541940
+8613718833363
+8613560888842
+8613030016957
+8613600945861
+8613616528788
+8613878245679
+8613533835566
+8613709325588
+8613274503188
+8615333763487
+8613693559156
+8613635317999
+8613877402877
+8613093758884
+8613806868626
+8613904150880
+8613693276747
+8613902830980
+8613717899781
+8613701606090
+8613218597008
+8613148144707
+8613872086865
+8613422096809
+8613520874440
+8605328996799
+8613586105303
+8613713559466
+8613792442975
+8613509816483
+8613057413500
+8613192606273
+8613787730307
+8613501160598
+8613855200962
+8613031206230
+8613305527601
+8613237165151
+8613869102796
+8613799372462
+8613051984971
+8613642350185
+8613707009027
+8613983829600
+8613538307569
+8613801738021
+8613752561719
+8613033229035
+8613016864863
+8613761117655
+8613709004526
+8613954853557
+8613906252728
+8613130259146
+8613592507189
+8613922160836
+8613913075638
+8613584616185
+8613930561468
+8613509779111
+8613567986933
+8613837100565
+8613928636353
+8613802295732
+8613873073563
+8613752561717
+8613560910182
+8615979746166
+8613775269897
+8613705510889
+8613566569717
+8613707691306
+8613806600881
+8613702602920
+8613645464546
+8613092874007
+8613959260706
+8613595172696
+8613253689636
+8613812627855
+8613301868905
+8613309122164
+8613554264427
+8613705068303
+8613053758963
+8613817865402
+8613953164999
+8613808405631
+8613813155225
+8613515668923
+8613313328908
+8613511572818
+8613878025174
+8613139602526
+8613506689291
+8615989086869
+8613700512702
+8613362475965
+8613828989198
+8613886997788
+8613711333132
+8613679740503
+8613961387009
+8613785326667
+8613826729909
+8613535082174
+8613709769952
+8615031652919
+8615826513901
+8613523093970
+8613652683421
+8613564999166
+8613551689380
+8613087948696
+8613050386941
+8613641334805
+8615958179127
+8613383823399
+8613602337362
+8613103012519
+8613651630255
+8613767211899
+8613902467504
+8615929931804
+8613363985206
+8613305803022
+8613650059629
+8613567536688
+8613603602012
+8613910779102
+8613406688242
+8615939876844
+8613957155752
+8613519090100
+8613708067799
+8613380762597
+8613482850631
+8613758621098
+8613928553390
+8613937187485
+8613771747085
+8613905718312
+8613902285141
+8613945173111
+8613876689006
+8613810644098
+8613720116549
+8613925152482
+8615891398098
+8612222222232
+8613159425669
+8613689236661
+8613575097112
+8613417297883
+8613679838950
+8613662691836
+8613906051888
+8615970923535
+8613305462510
+8613906051292
+8613719388316
+8613049106807
+8613778830580
+8613950670978
+8613601752169
+8613051277406
+8613504373601
+8613422723226
+8613801982392
+8613570458383
+8613380669126
+8613057264360
+8613087581536
+8613827793980
+8613691559666
+8613766611773
+8613828864631
+8613446861831
+8613589650000
+8613933324536
+8613858521961
+8613319229010
+8613845398768
+8613901657258
+8613120713558
+8613938789118
+8613990958566
+8613120713580
+8615891422919
+8613501995665
+8613691705712
+8613356911568
+8613598126404
+8613902644191
+8613793246202
+8613301820793
+8613508178168
+8613627289685
+8613167123615
+8613003172102
+8613868057729
+8613458581575
+8613923046424
+8613076962276
+8613505121072
+8613957391019
+8613755568888
+8613313777526
+8613772599570
+8613371658286
+8613912709968
+8613863814773
+8613247668979
+8613813216951
+8613711644758
+8613705807179
+8613758294931
+8613691467279
+8613832182269
+8613953917218
+8613833898363
+8613862966048
+8613905541600
+8613304449237
+8613552480178
+8613710343668
+8613813448900
+8613574993633
+8613801194863
+8613616755890
+8613384983303
+8613849961212
+8613087035229
+8613977388888
+8613345231169
+8613311885851
+8613469288975
+8613683308060
+8613423995461
+8613106269395
+8613306412269
+8613682599845
+8615988273578
+8613631572900
+8613134381701
+8613423532667
+8613055223991
+8613516777593
+8613401183090
+8613652172830
+8613862963900
+8615987054069
+8615938719655
+8613975053366
+8613152002422
+8613985276570
+8613808595235
+8613704525558
+8613429628210
+8613878305008
+8613761556690
+8613508595235
+8613305341519
+8613051569278
+8613308505417
+8613957130161
+8613132191022
+8613201802601
+8616567618565
+8613757130161
+8613696581022
+8613982053508
+8613536201328
+8613835637339
+8613796880632
+8612711782025
+8613904844790
+8613921638339
+8615960281695
+8613018378129
+8613946375620
+8613560215543
+8613079033306
+8613683639957
+8613903980121
+8613802927715
+8613826153430
+8613520907760
+8613905590514
+8613786550924
+8613905331509
+8613705114485
+8613914034606
+8613342861238
+8613874398007
+8613823193976
+8613119154477
+8613699116656
+8613953785997
+8613531868975
+8613586076673
+8613620022266
+8613910415288
+8613973358329
+8613091691718
+8613570300235
+8613098736475
+8613064876873
+8613432721858
+8613678820345
+8613834633181
+8613605192975
+8613507222398
+8613908871919
+8613657655448
+8613056522039
+8613660752479
+8613317395428
+8613839116628
+8613901588650
+8613353244229
+8613725351006
+8613792587786
+8613049880002
+8613312052680
+8613623952269
+8613987890860
+8613629086255
+8613376396719
+8613665434568
+8613764537313
+8613611633648
+8613794755171
+8613507630360
+8613707323970
+8613928673368
+8613008077328
+8613700890176
+8613089850009
+8615306777090
+8613517664735
+8613307346508
+8613813605265
+8613688304189
+8613900552211
+8613405319533
+8613882055955
+8613991726312
+8613708639542
+8613646825606
+8615928619026
+8613228098578
+8613705901936
+8613375399356
+8613318843262
+8613641472230
+8613896585398
+8613366881512
+8603963150198
+8613332922128
+8613863989888
+8613355819700
+8613340301817
+8613938385002
+8613515980093
+8613717658609
+8613867300938
+8613998030735
+8613905816177
+8613893085858
+8613501979190
+8613990122552
+8613916668907
+8613958095860
+8613816135923
+8613781900036
+8613389055296
+8613974867712
+8613586482151
+8613867593361
+8613906423685
+8613853167128
+8613542228783
+8613857299039
+8613883888392
+8613064318199
+8613825506569
+8613458212146
+8613671378785
+8613841338648
+8613699286310
+8613560933715
+8613606437799
+8613861671134
+8615813307305
+8613078163582
+8613411009167
+8613801044829
+8613336228346
+8613880582331
+8613386158133
+8613139936658
+8613249452965
+8613962701818
+8615937552410
+8613907143905
+8613129796107
+8613801863533
+8613397301288
+8613801082850
+8613605653458
+8615323551927
+8613815432497
+8613147063084
+8613862709606
+8613716067828
+8613607348911
+8613788356235
+8613851618798
+8613904750663
+8613146995587
+8613508214405
+8613620328796
+8613688613378
+8613239732364
+8613585383099
+8613879429526
+8613981365818
+8613607345886
+8613872839599
+8613912235591
+8613766807781
+8613693067605
+8613935678758
+8613693180233
+8613305468415
+8613546134868
+8613223071791
+8613569192374
+8613601702895
+8613368840688
+8613938817184
+8613874960731
+8612540017019
+8613533378420
+8613621812006
+8613724288308
+8613953919886
+8613616837182
+8613601256230
+8613312992188
+8613807369951
+8613620863009
+8613665920885
+8613312563625
+8613666192117
+8613548807126
+8613738135908
+8613530646795
+8613235639665
+8613923759003
+8613314872800
+8613570339518
+8613704066987
+8613356574080
+8613807776723
+8615904410712
+8613779018438
+8613599298618
+8613096269777
+8613213816788
+8613501705948
+8613852297739
+8613925009835
+8613857921720
+8613501151054
+8601385792172
+8613758832786
+8613521692516
+8613707248747
+8613340209246
+8613383156680
+8613624868050
+8613707248748
+8613413592083
+8613874858589
+8613971668674
+8613940486555
+8613901901161
+8613032268339
+8613589333869
+8613904081809
+8615941728850
+8613933086732
+8613851049851
+8613701801110
+8613875757023
+8613657500610
+8613187175548
+8613701224004
+8613193393290
+8613215040708
+8613903486840
+8613625124136
+8613607629066
+8613113699260
+8613550707535
+8613621702405
+8613911385132
+8613588199893
+8613905270058
+8613369630016
+8613520277377
+8613978618566
+8613803795563
+8613096010169
+8613701130445
+8613385850553
+8613957352008
+8613967818868
+8613946999519
+8613387319004
+8613683633709
+8613775440760
+8613050219232
+8613832674100
+8615943076271
+8613910331648
+8613020252312
+8613961372565
+8613264953380
+8613265953380
+8613559300861
+8613856684128
+8613694931122
+8613592619899
+8613781133968
+8613832585864
+8613901104573
+8613514314335
+8613596060590
+8613500105428
+8613501274508
+8613905151859
+8613711117777
+8613338742235
+8613581981685
+8613930135095
+8613578688867
+8613808380599
+8613586774288
+8613958898855
+8613911874373
+8613807231166
+8613958033505
+8613151888899
+8615305418055
+8613192651978
+8613915041123
+8613872111787
+8613367227209
+8613689089235
+8613816102438
+8613667390939
+8613525354107
+8613399288995
+8613877463198
+8615319302889
+8613813852277
+8613680186005
+8613580352144
+8613608725158
+8613995933089
+8613197810638
+8613898848968
+8613925744467
+8613807465690
+8613920689235
+8613775076013
+8613234964025
+8613901164815
+8613787389728
+8613518384816
+8613801560178
+8613197650056
+8613054555623
+8613598808198
+8613620461407
+8613750758260
+8613665880863
+8613815857001
+8613582075909
+8613751040110
+8613911104048
+8613831054618
+8613186632859
+8613735891599
+8613874809776
+8613799416129
+8615883188319
+8613308488978
+8613020220121
+8613872530419
+8613874693986
+8613307912861
+8613802964156
+8613911751239
+8613522296278
+8613054451578
+8613714956348
+8613681888183
+8613903519888
+8613436110155
+8613599569838
+8613516827715
+8613807082628
+8613509347616
+8613516751521
+8613806065683
+8613993742002
+8613418289606
+8613371399286
+8613702521833
+8613007070836
+8613576352161
+8613808844491
+8613308381919
+8613687398190
+8613405522777
+8613607139622
+8613925175681
+8613957009222
+8613821601490
+8613872891817
+8615939976471
+8610353091410
+8613136530028
+8613322921571
+8613906760306
+8613118822151
+8613571087162
+8613709920007
+8613677268568
+8613651952861
+8613783224866
+8613391237658
+8613017755603
+8615852702732
+8613600433188
+8613564776872
+8613857855555
+8613266819154
+8613651120722
+8613976673773
+8613962869639
+8613521116919
+8613501538653
+8613817065800
+8613910879887
+8613570879889
+8613100024388
+8613801388387
+8613808487111
+8613022178603
+8613093859859
+8613802708189
+8613018418687
+8613923872288
+8613783778811
+8613927322008
+8613542033113
+8613328004625
+8613882155039
+8613803878741
+8613105507171
+8613484941653
+8613952630922
+8615902900613
+8613455390955
+8613413984297
+8613949608556
+8613356808699
+8613958109938
+8613982763499
+8613835135049
+8613816804756
+8615303003030
+8613912345123
+8613501954199
+8613048834227
+8615902331352
+8613910881570
+8613881568200
+8613951883333
+8612345678925
+8613608146999
+8613816451620
+8613688801810
+8613996196118
+8615999183961
+8613661663769
+8613509340795
+8613718307162
+8613818292221
+8613508114629
+8613942918606
+8613510073545
+8613798628704
+8613772039686
+8613901792189
+8613939065879
+8613399151325
+8615981759538
+8613318863640
+8615965520276
+8613909283821
+8613693220147
+8615962019630
+8613122107660
+8613873716723
+8613318811671
+8613347605889
+8613322831676
+8613700788636
+8615959448311
+8601081231311
+8613798574636
+8613686229892
+8613904589879
+8613361192829
+8613714207117
+8613628140442
+8613442774442
+8613937095004
+8613519578975
+8613818354710
+8615952037903
+8613647391166
+8613875505706
+8613502358323
+8613877505706
+8613888228236
+8613918545620
+8613053383394
+8613383973122
+8613666584888
+8613361283103
+8613785892619
+8613957126999
+8613862208180
+8613509502386
+8613816506536
+8613235726226
+8613066805800
+8613857256738
+8613335097370
+8613807888863
+8613392271695
+8613508600567
+8613914891885
+8613260643199
+8613030662608
+8615817847963
+8613982778280
+8613706833225
+8613909855402
+8613931119512
+8613930050730
+8613553315198
+8613802384660
+8613428791476
+8613601662286
+8613710737198
+8613902377223
+8613309941108
+8613602609962
+8613603956323
+8613328584868
+8613892815617
+8613963509002
+8613613785900
+8613256918297
+8613806745950
+8613311755085
+8613973009859
+8613510303771
+8613903501977
+8613681134912
+8613754198815
+8613837868693
+8613712668162
+8613918871306
+8613812668162
+8613731689798
+8613903838215
+8613972218558
+8613807110760
+8613908302586
+8613770880566
+8613548531907
+8615822088340
+8613170480813
+8613007496965
+8615907990688
+8613007990098
+8613881363166
+8613733896872
+8613519718251
+8613075434523
+8613862129802
+8613905645969
+8613605698579
+8613854802006
+8613938659066
+8613599166828
+8613178618003
+8613970769907
+8613949977000
+8613815158829
+8613109519336
+8613601652012
+8613400585898
+8615906068807
+8613335123634
+8613705202715
+8613757997171
+8613524334959
+8613355442333
+8613925422125
+8601087655678
+8613589889299
+8613451976994
+8613976673527
+8613801223890
+8613920514286
+8613146663085
+8613671389095
+8613936979417
+8613635163446
+8613936979425
+8613848200787
+8613911388998
+8613937342901
+8613520119190
+8613312662797
+8613505005187
+8613705068262
+8613503162375
+8613430498677
+8615819255190
+8613231703125
+8613893121895
+8613343781158
+8613861071776
+8613202335666
+8613983705226
+8615866464957
+8615982600109
+8613773505111
+8613702347791
+8613928953444
+8613867437895
+8613510939286
+8613966325961
+8605727523546
+8613917491900
+8613619043843
+8613738401530
+8613861350118
+8613607478098
+8613521699803
+8613602592186
+8613968868120
+8613137313653
+8613913050339
+8613807347679
+8613601443369
+8613903110311
+8613908046201
+8613600519595
+8613908023356
+8613756788360
+8613507336560
+8613619829099
+8613852533855
+8613867622950
+8613368181555
+8613720995990
+8613673999959
+8613820663460
+8613911712559
+8615830070389
+8613702784328
+8613402874320
+8613311915332
+8613458313777
+8613485184840
+8613896917167
+8613871303977
+8613615220991
+8613722220869
+8613304539910
+8613864309310
+8602354917921
+8613719326524
+8613135798844
+8613961251856
+8613480649325
+8613940883989
+8613388002504
+8613608269598
+8615893117269
+8613009185989
+8613363169828
+8613256668597
+8613510698480
+8613840568213
+8615922665200
+8613907521173
+8613827778838
+8613002876819
+8613808080808
+8613504381934
+8613660164996
+8613806061695
+8613877470199
+8613691556346
+8613828899785
+8613312811036
+8613826897206
+8613660263029
+8613461201266
+8613600235088
+8613132252652
+8613626178688
+8613198190991
+8613536208870
+8613975649879
+8613382729979
+8613930173878
+8613907155263
+8613731156687
+8613883184341
+8613812616988
+8613906390307
+8613770317068
+8613981012200
+8613507030289
+8613905066076
+8613341036129
+8613649919270
+8613601931631
+8613805739587
+8613611687222
+8613807929190
+8613738739808
+8613980028752
+8613873869193
+8613543269858
+8613758248888
+8613955277103
+8613610300909
+8613501921740
+8613599101309
+8613873733678
+8613626305069
+8615970612536
+8613891963116
+8613709921966
+8613504965955
+8613705496782
+8613928810011
+8613395875667
+8613822533837
+8613500156252
+8613600397932
+8613330502007
+8613293884511
+8615960321888
+8613613802688
+8613259287114
+8613064486293
+8613908094599
+8613377219289
+8613455549698
+8613550871593
+8613701096898
+8613963403879
+8613953892000
+8619174388389
+8613870542410
+8613707917579
+8613924380573
+8615388242561
+8613328605679
+8613923836708
+8613609566898
+8613755818928
+8613957217298
+8613329557959
+8613001234789
+8613156423399
+8613957091177
+8613260568218
+8613714673864
+8613790471328
+8613733872277
+8613921100583
+8613709680716
+8613573507911
+8613517865868
+8613983029277
+8613755325709
+8613536262509
+8613836239595
+8613321891205
+8613307324444
+8613510317218
+8615907460019
+8613688778077
+8613957563995
+8613538995532
+8613764640890
+8613537051727
+8613878176096
+8613415522721
+8613802930431
+8613488437497
+8613816392549
+8613821180726
+8603796531879
+8613647269279
+8613607610654
+8613001506136
+8613854844176
+8613605239118
+8613306258050
+8613323951605
+8613971978018
+8613642879411
+8613338627628
+8613643127025
+8613671965248
+8613863041000
+8615916032910
+8613913518938
+8615845205933
+8613905646003
+8613656659613
+8615928094146
+8613906918010
+8613857695919
+8613577723698
+8618605170517
+8613423974645
+8613854389611
+8613721203690
+8613565570020
+8613905890806
+8613995599165
+8613824780751
+8613505421806
+8613533644193
+8613381673596
+8615824830292
+8613342868021
+8613822781180
+8613944675777
+8613389233654
+8613517570615
+8613424823457
+8613510081905
+8612365489486
+8613137136521
+8613602728516
+8613580434201
+8613121890823
+8613570882417
+8613567532670
+8613362842960
+8613340808936
+8613008923635
+8613909613177
+8613057381158
+8613844841295
+8613414078481
+8605926725587
+8615979101930
+8613761634813
+8613887056979
+8613352093506
+8613000123245
+8613630286598
+8613690201982
+8613003074555
+8613873755431
+8613503287121
+8608388150487
+8613068029916
+8613120458330
+8613053708551
+8613729687354
+8613801277359
+8613426897984
+8615900326327
+8613001026659
+8613054538907
+8613845158478
+8613572026119
+8613400346376
+8613782617063
+8613681279963
+8613272018012
+8613681102933
+8613726174861
+8613430711287
+8613652523012
+8613888806528
+8613750108388
+8613319581000
+8613605530965
+8613420595965
+8613488702949
+8613301367676
+8613801102459
+8613901516260
+8613681775302
+8613916985176
+8613991849181
+8613626881885
+8613684259052
+8613308843850
+8613156372777
+8613607829710
+8613264167542
+8615817233014
+8613355531515
+8613863952236
+8613889657098
+8613355531518
+8613792160566
+8613501324095
+8613671348008
+8613083813058
+8613091770003
+8613436818232
+8613003243100
+8613945011123
+8613603982221
+8613319173886
+8613186364405
+8613701184250
+8613083162323
+8613805715359
+8613306308199
+8613908213116
+8613582192689
+8613728668919
+8613982498160
+8613681561416
+8615913557077
+8613920294328
+8613634398688
+8615963530937
+8613028147622
+8613782768258
+8613761773953
+8613972489073
+8613974816098
+8613371530955
+8613953068172
+8613880735368
+8613135767796
+8613908695086
+8613877168252
+8613801978750
+8613805353471
+8613805887328
+8615965410210
+8613681142505
+8615935380609
+8613331975818
+8613932801161
+8613002788896
+8613708926668
+8613939122939
+8613367342829
+8615953652899
+8613869036189
+8613241721201
+8613956910686
+8613697720777
+8613513263315
+8613683185830
+8613104451599
+8613325098988
+8613593770586
+8613905542413
+8613381426446
+8613377177284
+8613195950592
+8613593629545
+8613003166053
+8613669498526
+8613862232599
+8613809161286
+8613703652199
+8613607319351
+8613480600903
+8613307869414
+8613155615463
+8613155615466
+8613854507288
+8613095256030
+8603588803007
+8613901360560
+8613718532499
+8613853491171
+8615910875989
+8613016781142
+8613566351769
+8613601292725
+8613838200415
+8613853523863
+8615907883511
+8613828704407
+8613581799900
+8613858867377
+8613590492997
+8613320910123
+8613763430416
+8613118878503
+8613194121711
+8613980740811
+8615972450766
+8613816062696
+8613305542321
+8613776923795
+8613808486648
+8613395730202
+8615989618194
+8613912055788
+8613613646773
+8613953005935
+8613284310699
+8613007799346
+8615874744805
+8613973910918
+8613990612945
+8613382586767
+8613077150099
+8613605882655
+8613769181787
+8615920079817
+8613820088805
+8613805926525
+8613814049964
+8613178829101
+8613528689156
+8613564554647
+8615054152031
+8613915615539
+8613503253073
+8613427337398
+8613063297106
+8613920421038
+8613503400788
+8613913287196
+8613212669648
+8613819917870
+8613625080856
+8613837503051
+8613007004718
+8613658210277
+8613552151391
+8613805812300
+8613966809287
+8613830608168
+8613705179506
+8613872675349
+8613849672170
+8613309822832
+8613995101618
+8613761725270
+8613903967119
+8613333223344
+8613580522948
+8613733873820
+8615805305728
+8613407113198
+8613606736358
+8613511070906
+8613873548844
+8613904728009
+8613599318888
+8613906766960
+8613858364902
+8613601657822
+8613190730887
+8613945363553
+8613621281668
+8613126612062
+8613715557963
+8613870226746
+8613700772414
+8613002223341
+8613562880006
+8613860926191
+8613998607151
+8613909530501
+8613708229509
+8613335070188
+8613601661658
+8613923093044
+8613935612316
+8613181631290
+8613791962587
+8613161578018
+8613883768119
+8613019069878
+8613775508112
+8613977606634
+8613806156115
+8613977438610
+8613880046672
+8613213775499
+8611380046672
+8613999557585
+8615851383889
+8613350371545
+8613803104538
+8613542910431
+8613021058176
+8613322804682
+8613794250008
+8613610066158
+8613611345207
+8613220682298
+8613123378430
+8613903792545
+8613866850181
+8613475215055
+8613799428558
+8613620184237
+8607954608053
+8613961764309
+8613332833138
+8613767535185
+8613912441807
+8613001394560
+8613176190988
+8613858133260
+8613955916316
+8615902799689
+8613157500058
+8613836363907
+8613921509874
+8613813977719
+8613314597111
+8613320022198
+8613311516930
+8613775280092
+8613375580058
+8613358268836
+8613366585281
+8613732993368
+8613601210801
+8613951186455
+8613166933571
+8613851750188
+8613437091788
+8613007326818
+8615866632540
+8613801086219
+8613838397868
+8604318641523
+8613501007323
+8613852080292
+8613801194006
+8643186415233
+8613146036463
+8613996650818
+8608712096000
+8613604909597
+8613381925283
+8613607888917
+8613367801829
+8615921000978
+8613465458876
+8613952852786
+8613370359936
+8613638746473
+8619800216273
+8613901717913
+8613930524817
+8613621898433
+8613851552898
+8613520415186
+8613016002324
+8613552489756
+8613554769851
+8613542168022
+8613310033826
+8615947119090
+8613774262353
+8613501120708
+8613150990601
+8613667490002
+8613958844044
+8613680315247
+8613003693030
+8613915678270
+8613820675112
+8615951316663
+8615823440960
+8613511901783
+8613935943632
+8613978316528
+8613505783487
+8613173672400
+8613570702671
+8613911505255
+8613655955687
+8613602946353
+8613980501785
+8613030491949
+8613355957340
+8613760814821
+8613051580804
+8613007871570
+8613673134058
+8613505315126
+8613994248221
+8613706433999
+8613507292334
+8613972990819
+8613321113818
+8613501339127
+8613168396522
+8613801125972
+8613509803581
+8613206356795
+8613709296518
+8613962987870
+8613356331985
+8613942414704
+8613815610888
+8613719181805
+8613938596258
+8613858070168
+8613906561662
+8613990960802
+8613902985312
+8613366308672
+8615957120089
+8615922691708
+8613591059789
+8613671288157
+8613903712759
+8613968102553
+8619067018624
+8613512567988
+8613511025636
+8613686110808
+8613862845618
+8613502281323
+8613640940233
+8613786228489
+8613363958800
+8613782617702
+8615971612073
+8613666675528
+8613805809039
+8613008816100
+8613828269828
+8613569492696
+8615307115565
+8615967142818
+8613977999400
+8613908254644
+8613501844152
+8615951547315
+8613609007089
+8613679821336
+8613391250718
+8613973404965
+8613917183664
+8613606037142
+8615914371977
+8613622068708
+8613661685518
+8613582678228
+8613187509008
+8613907177393
+8613938927117
+8613866405966
+8613928223368
+8613311718380
+8613065172391
+8613937918851
+8613505936288
+8613908367859
+8613752602365
+8613539697896
+8613778008890
+8613828828915
+8613187899928
+8613309403512
+8613366971264
+8615910603761
+8613710572918
+8613966685167
+8613371586575
+8613701269527
+8613723403098
+8613964122114
+8613505109226
+8613905707274
+8613178804670
+8613801122366
+8613859407986
+8613274726735
+8613093361011
+8613523334892
+8613607872366
+8613805040318
+8613519652784
+8613058977440
+8613586639841
+8613307313990
+8615994850020
+8613354907897
+8613809618652
+8613935557022
+8613737899097
+8613058977441
+8613433031610
+8613502280426
+8613307275911
+8613990524027
+8613265610335
+8613930919298
+8613272663615
+8613782767837
+8613657387687
+8613900640000
+8615910819912
+8612378945678
+8613477267496
+8613958001108
+8613375586363
+8613680161988
+8613661788283
+8613318399033
+8613025431339
+8613435938361
+8613267161028
+8613626081982
+8613605717726
+8613301640566
+8613612969327
+8613929590501
+8613838191869
+8613057353535
+8613702713144
+8613607214943
+8613203699735
+8613604548518
+8613838669931
+8613054822894
+8613877188638
+8613512103346
+8613905785123
+8613924227469
+8613686497779
+8613305719332
+8613998484503
+8613621739939
+8613761893944
+8613063067633
+8613695106480
+8613517588156
+8613571588156
+8613801786533
+8613835940358
+8613585506733
+8613607488366
+8613902223402
+8613999973636
+8615917718260
+8613951645075
+8613905288201
+8613207565548
+8613806580567
+8613187864200
+8613622325608
+8613148715978
+8613917629999
+8613545256789
+8615913830689
+8613328501099
+8613880366399
+8613619269023
+8613001865679
+8613692234151
+8613923850126
+8613901379696
+8613587004641
+8613348267136
+8613911790755
+8615303411567
+8613501156570
+8613506701835
+8613822775781
+8613910625049
+8613643865659
+8613548187261
+8613519683321
+8613853355667
+8613980118848
+8613615852618
+8615301121860
+8613857355771
+8613320762493
+8613850507371
+8615841157877
+8613974868758
+8613561604648
+8604566886100
+8613089092178
+8613604196556
+8613867423426
+8613732646916
+8613564682131
+8613601057725
+8613415927912
+8613894815898
+8613818825502
+8613683577786
+8605702891093
+8613901673095
+8613762337861
+8613703067019
+8613911128750
+8613625253333
+8613950974626
+8613077028299
+8613365634523
+8613708189333
+8613023296274
+8613583684812
+8613961073999
+8613714644135
+8613991683839
+8613971781286
+8613707043433
+8613772142100
+8613066514417
+8613859742295
+8613573028480
+8613055748580
+8613136523530
+8613399311234
+8613864530066
+8613957391857
+8605108850058
+8613180256699
+8613171760218
+8613907716129
+8613888306027
+8613072041520
+8613636193098
+8613600321687
+8613957385316
+8613566930768
+8615974008023
+8613347115235
+8613825902616
+8613170914566
+8613908199600
+8613638479333
+8613502452272
+8613380064993
+8613809550010
+8613712265066
+8613301831833
+8613359828686
+8613561033342
+8613705843088
+8613584667867
+8615971649616
+8613586429178
+8613008888176
+8613065274190
+8613725447659
+8613822189591
+8613326621252
+8613786281281
+8613728014098
+8615851011800
+8613515077759
+8613640620611
+8613505348585
+8613654206256
+8615953538955
+8613706298982
+8613922877504
+8613873145225
+8613805281388
+8613510917298
+8613113196103
+8615962050686
+8613533825099
+8613856533518
+8613239433336
+8613306296168
+8613654650765
+8613661867049
+8613818958217
+8613831263858
+8613509050132
+8613868558158
+8613453190981
+8615952161320
+8613315748023
+8615972729138
+8613777568128
+8613708632686
+8613938255659
+8613032196832
+8613950525182
+8613343756610
+8613550057475
+8613816527250
+8613958086354
+8613888622695
+8613386902910
+8613715480222
+8613207855920
+8613872169551
+8613451742963
+8613988086599
+8613737883833
+8613981866753
+8613967795320
+8613910638170
+8613705757234
+8613873645027
+8613871685800
+8613079738272
+8613711286698
+8613119360556
+8613021922236
+8613834379463
+8613792689280
+8613395278688
+8613921037900
+8613036807458
+8613727770286
+8613967379444
+8613360406401
+8615923863899
+8613954754622
+8613538575660
+8613281022674
+8613591504044
+8613526990779
+8613861789571
+8613385654515
+8613481818501
+8613602425898
+8613804580831
+8613968898689
+8615989429760
+8613708936665
+8613428701479
+8613602786986
+8613705953743
+8613083000281
+8613755190170
+8615846391672
+8613718393108
+8613352194466
+8615994289899
+8615863050697
+8613827761377
+8613857880685
+8613825276774
+8613368285223
+8602289586738
+8613103912333
+8613714925125
+8613829939985
+8613840069407
+8613523320453
+8613476378578
+8613906601730
+8613338627048
+8613825446566
+8613709785966
+8613081169110
+8613315667879
+8613955881425
+8613036125568
+8613422029896
+8613923841462
