+8613711977226
+8613576575869
+8613586633323
+8613923785635
+8613873499361
+8613164828676
+8613355201345
+8613731544953
+8613538049056
+8613007209971
+8613576235005
+8613755634702
+8613203326114
+8602129342138
+8613951977833
+8613991301766
+8613974609182
+8613797395597
+8613306396789
+8613467371333
+8613916345665
+8613858880868
+8613578517987
+8613777812562
+8613886558998
+8613872229398
+8613956278758
+8613209805321
+8613395561713
+8613799710048
+8613285742842
+8613710659415
+8613830502488
+8613622353141
+8613306886828
+8613703012092
+868870244
+8613607642868
+8613590170239
+8613660198313
+8613424279491
+8613903839922
+8613516888962
+8613540725252
+8613501852187
+8613662780225
+8615959189073
+8613788535108
+8613655845908
+8615951465348
+8613905668275
+8613763606366
+8613047171516
+8613911351718
+8613003666388
+8613059943263
+8613719317965
+8613851405523
+8613803452442
+8613311789813
+8613883522963
+8613951703900
+8613368293603
+8613761511569
+8613545784578
+8613903856520
+8613843153093
+8613996556333
+8613773073471
+8613601698615
+8613808147173
+8613818203972
+8613396694272
+8613286188828
+8613286188827
+8613854143103
+8613677886629
+8613123456789
+8613301131000
+8613170702333
+8615922945193
+8613826927639
+8613590767676
+8613828488270
+8613306305061
+8613672853811
+8613871079310
+8613107703890
+8613586446557
+8613501594512
+8613023217100
+8613802975415
+8613907927739
+8613906297518
+8613346390708
+8613898697028
+8613886165866
+8613075656448
+8613923666652
+8613362398248
+8613152112325
+8613187237966
+8613601090785
+8613720131345
+8613964060776
+8613850664638
+8613380025938
+8613597008890
+8613050684004
+8613201027001
+8613759519608
+8613615312781
+8613560623505
+8613904027311
+8613579298378
+8613837963466
+8613777525799
+8613188889098
+8613276333776
+8613857414482
+8613910132415
+8613065096856
+8613726869321
+8613838050003
+8613994259752
+8613556617212
+8613622589675
+8613824918383
+8613887353595
+8615930457868
+8613059528169
+8613751296562
+8613326954238
+8613159160983
+8613719191817
+8613904786898
+8613534878561
+8613505332660
+8613433626466
+8613302287060
+8613508709533
+8613795172828
+8602987781566
+8613899879698
+8607715358630
+8613342885369
+8613864809856
+8613473706178
+8607713069425
+8613504115202
+8613702701600
+8613060119056
+8615916881973
+8613706985996
+8613735719598
+8613713868990
+8613613796151
+8613950135066
+8613986229376
+8613571922353
+8613907835033
+8613709195519
+8615902969916
+8613789822210
+8613185615111
+8613336611093
+8613928093298
+8613072533068
+8613891708388
+8613806666789
+8613132094358
+8613519482657
+8613505397817
+8613778123313
+8613651860305
+8613321190979
+8613808008927
+8613604209027
+8613896657494
+8613706268521
+8615859631156
+8613606718070
+8613588844467
+8608388599153
+8613977136308
+8613820919118
+8613538709315
+8613975214731
+8613963737288
+8613923753685
+8613927880690
+8613609667721
+8615823935603
+8603122298000
+8613792448908
+8613801200563
+8613651723335
+8613869328935
+8613501588228
+8613164299090
+861068688866
+8613930792511
+8615955620588
+8613600674181
+8609713245785
+8613820111879
+8613474667106
+8608328285235
+8613879067299
+8613575196288
+8613586859926
+8613486595605
+8613586595605
+8613975335209
+8613878697183
+8613808495978
+8613209476944
+8613901312691
+8613902784082
+8615903085301
+8613802678996
+8613131100139
+8613973309830
+8613871289960
+8613580444699
+8613093039693
+8613535398021
+8613421396125
+8613421396126
+8613157144149
+8613995261008
+8613553933110
+8615966471002
+8613912361346
+8613609261164
+8613904122508
+8613907729345
+8615956296014
+8613395550351
+8613456142645
+8613860699920
+8613888297231
+8613386483539
+8613335398888
+8613335398688
+8613335388688
+8613335384312
+8613910694155
+8613322201586
+8613966029217
+8613607814492
+8613939079158
+8613391128599
+8613308707699
+8613708446428
+8613401630079
+8613307356662
+8613517725389
+8613056103626
+8613505993227
+8612345678999
+8613325029158
+8613244971103
+86057181512889
+8613408406116
+8613276228865
+8613971820666
+8613858161168
+8615928244298
+8615868397406
+8613879415762
+8613482120212
+8613488684054
+8613759051799
+8613082315821
+8613809215047
+8613037107998
+8613955325903
+8613538820254
+8603795595894
+8613036571262
+8613679690300
+8613974829866
+8613189860666
+8613808736241
+8613905260951
+8605338661836
+8613910120090
+8613489797660
+8613459527319
+8613453268246
+8613086711518
+8613656165187
+8613790910786
+8613569707830
+8613810966763
+8615908028636
+8613843299951
+8613505188195
+86asdfgh
+8604715896326
+8613117179365
+8613073574835
+8613944495320
+8613951503423
+8613396888262
+8615810219817
+8613521772037
+8613513512345
+8613384882589
+8613923354055
+8602346733826
+8613970433868
+86075521329431
+8613728099684
+8613868026273
+8607552678466
+8613064099181
+8613696941412
+8613823070018
+8613359994369
+8613801604984
+8613824010028
+8601081913961
+8613772530373
+8613004668878
+8613711640267
+8613518796999
+8613931001304
+8613642259705
+8613922236171
+8613600851369
+8613711670579
+8613380153916
+8613961667299
+86057788256586
+8613941343986
+8613337905726
+8613805521296
+8613925097762
+8602363550819
+8615927478002
+8613323229616
+8613316015511
+8615306214486
+8613805379769
+86057983941617
+8613307257390
+8602347983232
+8613801803400
+8613818283714
+8613893707824
+8613646149872
+86894731
+8613909185639
+8613349957036
+8613718201866
+8613528502132
+8602033338888
+8613528502133
+8613084490515
+8613675874858
+8613246690634
+8613328599689
+8613698977938
+8607566607020
+8613301927268
+8607586173218
+8602763382929
+8613381991350
+8613847207948
+8613316370628
+8613423721309
+8613799955555
+8613808024776
+8613048113990
+86051585322089
+8613306816788
+8613542510336
+8613051315788
+8613421847837
+8613896468235
+86076081613233
+8613588839531
+8613828256772
+8615824261290
+8601086718414
+8613599989404
+8613123232323
+8607582141780
+8613579417169
+8613507124975
+8613786562433
+8613671985619
+8602366747101
+8613144947690
+8613132812305
+8613925033946
+8613444444444
+8613318781076
+8613333426126
+8609153319402
+8613950407384
+8613513890756
+8613592856588
+8607533895589
+8613631646568
+8605355186278
+86051786610665
+86051786526198
+8613569430644
+8613801377051
+8613968045476
+8613091762622
+8613923288228
+8613957656518
+8613505770383
+86051988990882
+8613643356608
+8613857064725
+8613552938896
+86076987735432
+8613921089285
+8604176873270
+8613083538986
+8613006509798
+86076984231165
+8601088888888
+8613473423333
+8613198815117
+8602763808122
+8613785226471
+8613877114646
+86076985226359
+86089869811268
+8613355603371
+8607367299211
+8602482391632
+8613872825549
+8613642040608
+8602128336797
+8602127934581
+8613288159909
+8613174276465
+8613166103501
+8613592617262
+8613418457660
+8613096498806
+8613452370189
+8613583150080
+8613815681322
+8613601389898
+8613827753189
+8613825755888
+8613056817103
+8615977788517
+8613132813356
+8613638356290
+8613758718918
+8613901767451
+8605514470551
+8613710599246
+8613982138900
+8613484461894
+8601058722200
+8613096942625
+8613066741712
+8613347416214
+8613977111091
+8613825106160
+8615955288071
+8613957317005
+8615996259166
+8611122233344
+8613590319159
+8613801211323
+8613993706418
+8615967170338
+8607573915339
+8605356244279
+8613906190980
+8615853582974
+8613810715272
+8607145480303
+8615999005888
+8613862101606
+8613574627985
+8613862787506
+8615977779986
+8613960800227
+8613516564427
+86075529201100
+8613608307992
+8613326711878
+8613841382833
+860273864523
+8613560344134
+8613723774855
+8613678030596
+8613006384770
+8613775745831
+8607706180815
+8632181688
+8613879973116
+86059185583108
+8613806085163
+8613903517609
+8604586855092
+8613831597314
+8613941182099
+8613979137795
+8613963499059
+8613675853000
+8613815055159
+8613713638975
+8613456501517
+8613203257572
+8605993861090
+8613456502246
+8613259403692
+8613037330214
+8613095112385
+8613926450360
+8613605220692
+8613570260628
+8615937270194
+8602349926784
+8613370557116
+8613161455557
+8613906417617
+86075765882214
+8613937559139
+8613907495950
+8613908379425
+8613478276011
+8613857299911
+8613418552212
+8604548589814
+8613961260001
+8615925201790
+8613713609172
+8613701021407
+8613608274993
+86057762580708
+86037987654321
+8613077505660
+8613727161221
+8613816117418
+8607325176025
+8613004460991
+8613153233863
+8613530808966
+86059188859503
+8613048970086
+86051080601880
+8613565460872
+8603518888839
+8613850777533
+8613525635892
+8613821562667
+8613921187993
+86043184071050
+8613706668093
+8613977229203
+8613960239540
+8615917730086
+8613642975257
+8607608272268
+8613033236582
+8613916995491
+8613757151286
+8613529380165
+8613349730530
+8613586989328
+8613912345678
+8604595734434
+8613822352181
+8613777777777
+8613054582051
+8613338232501
+8613905200273
+8602481123776
+8613621884500
+8605928842762
+86057912345678
+8615865313551
+8607582331331
+8613705942185
+8613073302048
+86076981675174
+8613771127652
+8613712774505
+8613566527220
+8613064057680
+8607582998520
+8613950198934
+8613006631558
+8613662915668
+8613848233358
+8613838201793
+8613539803088
+8615871912736
+8613767507266
+8613701814384
+8613992622276
+8613308019117
+8613620708154
+8613798366802
+8615864400686
+8613710541697
+8613560882051
+8613351829000
+86057783510338
+8613345116875
+8604336370338
+8613124075518
+8613773909959
+8613543658030
+8613777322228
+8613312806870
+8613570075360
+8613556612338
+8613572126996
+8613886245327
+8613321102121
+8613602371129
+8613576930071
+8613842110658
+8613988126226
+8613224410636
+8613908392219
+8613533111646
+8613533111649
+8613111111111
+8613111111112
+8613175951111
+8613539852473
+8613618395067
+8613906255905
+8613828196655
+8613702795838
+8613719435377
+8613111111116
+8613714780951
+8613706617614
+8613502693229
+8613712072108
+8613815310808
+8613037523365
+8613862068112
+8613921509868
+8613936735518
+8613761622614
+8613715265116
+8613528361999
+8615975784446
+8613137130858
+8613633076396
+8613977763265
+8613590227121
+8613717278045
+8613509912055
+8613018536022
+8613521863136
+8613690124688
+8613301798353
+8613910250718
+8613098107708
+8613071400700
+8613316101303
+8613348238049
+8613515965821
+8613918095222
+8613696162524
+8613117260802
+8613308061163
+8613786927992
+8613916916722
+8613908299226
+8613867459657
+8613959239462
+8613921186983
+8613862472558
+8613428173279
+8613076287676
+8613890062878
+8613501578877
+8613724203430
+8613760130932
+8613933816666
+8613970650343
+8613501840638
+8613325871086
+8613971020470
+8613815318828
+8611723311723
+8613886406898
+8613333333333
+8613869101916
+8613809184633
+8613902305288
+8613112265642
+8613902058867
+8613710707243
+8613918001927
+8613984094276
+8613922254531
+8613613613613
+8613271709118
+8613931178721
+8613777318168
+8613604096858
+8613909101860
+8613829162575
+8613410235428
+8615902052030
+8613502557704
+8613601676020
+8613819828888
+8613890606199
+8613702728613
+8613520818217
+8613921668868
+8613917135708
+8613302052272
+8613886405844
+8613401191001
+8613690255153
+8615910617234
+8613951098599
+8613703103549
+8613111295637
+8613952121588
+8613735656565
+8613983370433
+8613819576632
+8613691395543
+8613311835387
+8613714051318
+8613866177386
+8613711638110
+8613660282645
+8613809772267
+8613079663878
+8613646756686
+8613514969997
+8613810835310
+8613800138000
+8613586912144
+8613520280388
+8613656822911
+8613106306051
+8613911357189
+8613560167403
+8613525361289
+8613967167211
+8613306515895
+8613949203828
+8613994214946
+8613796627292
+8613894888156
+8613945396103
+8613682501950
+8613336179828
+8613843059558
+8613509298787
+8613898309996
+8613542517611
+8613503755878
+8615910664521
+8613519780105
+8613503755876
+8613763755876
+8613881062158
+8613589022781
+8613538752115
+8613397113555
+8613322080888
+8613527758624
+8613714529176
+8613620348346
+8613767051758
+8613812306683
+8613705117350
+8616816816816
+8613902818888
+8613581956235
+8613711741313
+8613933809394
+8613420298681
+8613851446875
+8613071611833
+8613308030383
+8613907174911
+8613302255231
+8613801228961
+8613361805800
+8613032739313
+8613903162929
+8613189014166
+8613681804826
+8613534212052
+8613233511048
+8613068809143
+8613576183500
+8613824296771
+8613611036078
+8613305308289
+8613684619889
+8613673762449
+8613788616258
+8613600155511
+8613881993378
+8613355231997
+8613785181286
+8613333333330
+8613089858987
+8613609025388
+8613803373906
+8613387518285
+8613921304510
+8613971598888
+8613977351360
+8613686736390
+8613568577249
+8613405260282
+8613009420063
+8613392213891
+8613593162563
+8613985497086
+8613958234201
+8613927273696
+8613477162409
+8613841801530
+8613281110227
+8613518366866
+8613802588775
+8615862709333
+8613622608593
+8613817988302
+8613542959799
+8615996129569
+8613916662521
+8613581392566
+8613953221910
+8613005693077
+8613604469511
+8613672637838
+8613308039903
+8613693289562
+8613933801191
+8613907624276
+8613890266895
+8613854681929
+8613803706282
+8613391656726
+8613871096176
+8613607008463
+8613408564006
+8613527628138
+8615957251218
+8613858049740
+8613896867858
+8613488750065
+8613904133456
+8613853612021
+8613437783668
+8613870836803
+8613084987868
+8613219002345
+8613852100773
+8613929078988
+8613640349496
+8613795633377
+8613874898158
+8613886008918
+8613405692061
+8613909813434
+8613906710215
+8613548291966
+8613931127923
+8613357736440
+8613594896789
+8613907377049
+8613710406090
+8613953066728
+8613859454707
+8613651658368
+8613853929291
+8615969671999
+8613134895788
+8613719348973
+8615922111743
+8613781924312
+8604388967690
+8613708933756
+8613003306250
+8613637711260
+8615907640658
+8613982933851
+8613505346310
+8613958224525
+8613942636365
+8613911615609
+8613051969112
+8613868686789
+8613823609126
+8613032389073
+8613600250563
+8615963913000
+8613331768377
+8613519953547
+8613983934437
+8615953494607
+8613598960982
+8613818823781
+8613827013377
+8613948025166
+8613100518832
+8613305183537
+8613721706606
+8613751197593
+8613380805151
+8613985550462
+8613104095917
+8613824751937
+8613711181103
+8613839548930
+8613362763189
+8613996812181
+8613502288001
+8613588268812
+8613503921088
+8613616145290
+8613510922972
+8613837781961
+8613946389546
+8613602606323
+8613600835867
+8613205180671
+8613626660525
+8613969456107
+8613995178933
+8613622267973
+8613103929955
+8613389208222
+8613392127866
+8613066303087
+8613818284565
+8613288432105
+8613601079179
+8613606637815
+8613907867317
+8613952170990
+8613684063981
+8615923029202
+8613001991244
+8613595198901
+8613936370494
+8613877534629
+8613590848212
+8613302202079
+8613807660759
+8613858055921
+8613669919100
+8613388208015
+8613766777878
+8613422260943
+8613607266882
+8613450903403
+8613413308898
+8613393902555
+8613901011821
+8613933618652
+8615952239890
+8613751881608
+8613878779932
+8613337396550
+8613695153284
+8613963806026
+8613848152850
+8613078993122
+8613809923015
+8613757299325
+8613986078876
+8613577262811
+8613335111125
+8613023238794
+8613482135848
+8613909982825
+8613161012690
+8613977333826
+8613789898989
+8613341095157
+8613660552002
+8613519590125
+8613346828788
+8613333790808
+8613418735890
+8613519238689
+8613888781129
+8613311112222
+8613923183353
+8613925258137
+8613823228834
+8613962036855
+8613669863439
+8613353067878
+8613853511788
+8613472746577
+8613502733116
+8615930009316
+8613753106622
+8613253580576
+8613696999191
+8613818686388
+8615913132583
+8613506640776
+8613961043188
+8613578966866
+8613206103183
+8613902721857
+8613904443672
+8613322110448
+8613509929729
+8613971532193
+8613988888888
+8613959167567
+8613811111811
+8613929000525
+8613863906698
+8613950382175
+8613632320375
+8613619002295
+8613139919978
+8613921691395
+8613037581858
+8613076849694
+8613991398000
+8613671382754
+8613544993399
+8613322811343
+8613358585066
+8615908008326
+8613992082601
+8613882670629
+8613700080301
+8613951744736
+8613850207859
+8613146933661
+8613709406266
+8613646552655
+8613837530929
+8613565987895
+8613500516906
+8613136515428
+8613048953690
+8613652522599
+8613925761512
+8613354296067
+8613702000369
+8613926826077
+8613544406092
+8613910132886
+8613911368685
+8613575748912
+8613992799289
+8613669910733
+8613909976353
+8613909668958
+8613909568958
+8613853103131
+8613919568958
+8613705346608
+8613170116019
+8613171116019
+8613356898326
+8613172116019
+8613902946481
+8613588806520
+8613864728654
+8613989012345
+8613305311102
+8613956301373
+8613322855822
+8613854645909
+8613829987132
+8613888888887
+8613320716028
+8613012345678
+8613022145591
+8613110926068
+8613395717077
+8613801106049
+8613575337550
+8613943600790
+8613991804687
+8615915221221
+8613611983257
+8613361997310
+8613321227899
+8613057158417
+8613519760486
+8613406788005
+8613923133559
+8613308611117
+8613515610953
+8613703716367
+8613020109733
+8613368283585
+8613469164786
+8613395849218
+8613437891234
+8613612345678
+8613409849111
+8613093693131
+8613542351308
+8613574573883
+8613827035118
+8613058527878
+8613600179449
+8613606203050
+8613420121996
+8613970839938
+8613918159918
+8613915628138
+8613922210099
+8613738405738
+8615994766592
+8613153027586
+8613974741220
+8613970908519
+8613810129907
+8613575140015
+8613366338418
+8613190503845
+8613868910550
+8613518331608
+8613718669081
+8613944901948
+8613586982586
+8612312312312
+8613787243693
+8613924088699
+8613515467636
+8613870482791
+8613456960952
+8613961857957
+8613898884718
+8613210118772
+8613902386820
+8613911077816
+8605373493117
+8613810512565
+8613897486327
+8613902856333
+8609165800200
+8615810252158
+8613053360341
+8613858093941
+8613309898388
+8613853561740
+8613801486666
+8613008687171
+8613850232923
+8613707369185
+8613805023386
+8613588432077
+8615901242196
+8613928550382
+8613783828725
+8613807182447
+8613976870505
+8613884328596
+8613502890939
+86051484987722
+8613866460609
+8613352902798
+8613551564206
+8613022206889
+8605992969188
+8613564763127
+8613701943612
+8613979357902
+8613623331238
+8613814229690
+8613173293263
+8613035676119
+86075522222222
+8613910727478
+8613954382535
+86057983255151
+8607918518915
+8613422777221
+8613121355507
+8613931770769
+8613632628620
+8613859931034
+8613773871200
+8613991702604
+8613551100751
+8613501009618
+8613558573831
+8613798434971
+8613396555685
+8613544879019
+8613983890505
+8613553892267
+8613320129862
+8613790733223
+8613979261987
+8613824679108
+8613671268448
+8613509848018
+8613691966885
+8613873085725
+8613923038832
+8602371911380
+8613050620295
+8613933801550
+8613916690720
+8615859303809
+8605563226163
+8613949987688
+8613648036635
+8613760270243
+8613974623308
+8613508031608
+86860126851114
+8613905291111
+8613563526898
+86075786921139
+8613850143592
+8613873085252
+8613224587010
+8613947218140
+8613660521698
+8605998660018
+8613927438853
+8613003784439
+8603153898006
+8613828460163
+8605357111616
+8613808271368
+8613872020289
+8613636095883
+8613476634300
+8615955396699
+8613959702791
+8613538887133
+8613588468846
+8613793180101
+8613131538899
+8613641054651
+8613839683588
+8613797055293
+8613826026039
+8602281109134
+8613673780897
+8613928994433
+8607118889885
+8613899426500
+8613761519492
+8613753762558
+8613048919091
+8613580147228
+8613392637488
+8613927882377
+8608336785115
+8613066235643
+8613519472895
+8613007708138
+8613510243884
+8613570888888
+8613509817708
+8604125543435
+8603517777888
+8613615499542
+8613609913518
+8613935702773
+8613602893822
+8613826258276
+8613918000704
+8613802820386
+8613700905170
+8613798457058
+8607346111136
+8613828687098
+8613936528718
+8613991963008
+8613770885999
+8613799044028
+8607506936712
+8613406973345
+8613554745865
+8613019316888
+8613782300426
+8607918396032
+8613318769660
+8613826044828
+8613500718837
+8613305869188
+8613903060408
+8613775173213
+8613899329299
+8613305869185
+8606688268183
+8613337385632
+8613355193863
+8613707177627
+8613711505087
+8613332522000
+86057482772197
+8613901811627
+861364000168
+8605367015889
+8613920156336
+8613970336466
+8607195714307
+8613607821383
+8613888030004
+8613391779775
+8613206361111
+8613097603338
+8613307001396
+8613924289166
+8613005590189
+8613917150616
+8613502890296
+8613611374806
+8605338334996
+8613726392795
+8613337493828
+8613477842776
+86041183037273
+8613811846707
+8613702287560
+8603153555555
+8613956575348
+8613927851297
+861384031463
+8613937900626
+8604298399909
+8613586669623
+8605653167022
+8613760173906
+8613594670233
+86051262836377
+8613756650137
+8613130058553
+8607532901302
+8613504416109
+8613961294978
+86043184605157
+8613916102325
+8613789249758
+8613410903257
+8613996125761
+8613922212928
+8613911098415
+8613689898989
+8613787801381
+86076987413994
+8613006159911
+8613522875855
+8613710725380
+8613707748635
+8613977918671
+8613706260907
+8613037455587
+8613118489653
+8613199357879
+8613357237823
+8613033256016
+8613860138110
+8607145367249
+8613617007558
+8613719691991
+8613916805530
+8613583627798
+8613953342819
+8613043282599
+8613834721448
+8613455730320
+8613701825926
+8613067727124
+8605383967788
+8613806668182
+8613075518752
+8615902017977
+8613916031800
+86051082961419
+8613907260009
+8606638916023
+8605386261567
+8605334558264
+8613801137869
+8613593339806
+8613691178855
+8602988859601
+8613752359721
+8613907641565
+86051786080582
+8613980814977
+8613590266370
+8613836731896
+8613828885261
+8613003389905
+8613321316301
+86052112345678
+8602033143040
+8607394812859
+8613868862333
+8613801939282
+8615982166654
+8613609346637
+8613860214032
+8613401036726
+8613585891903
+86037963880989
+8613595546518
+8615925239421
+8613568175166
+86075726225468
+8613707262114
+8613636612688
+8613940390398
+8608543612426
+8613301230123
+8607138963919
+8613955256808
+8613476177380
+8613068080507
+861369777777
+860750886972
+8615838986523
+8613812701900
+8613847670207
+8613759102459
+8613996457002
+8601086524411
+8613535032138
+8613971718005
+8613666666889
+8602587654321
+8613524022465
+86076921701470
+8603192357070
+8613244752887
+8613826408007
+8613176478010
+8613705176619
+8613801787593
+86013751502818
+8613257148016
+8613197876639
+8607768954496
+8613309063251
+8613018181818
+8607768893886
+8613607924624
+8601370785289
+8613829408283
+8613707852898
+8613524621911
+8613920462984
+8613608959394
+8613974035369
+8613782828851
+8613847458777
+8613560688082
+8613700992102
+8613936634548
+8613597429497
+8613072887710
+8613077756341
+8613541430857
+8613336120944
+8613761659347
+8613826711860
+8613524911657
+8613019782698
+8613856609229
+8613233459196
+8613873089072
+8613087758868
+8613640733739
+8613738387862
+8613924672808
+8613637200002
+8613818566676
+8613986050056
+8613855933298
+8613315025278
+8613385609119
+8613202420160
+8613352277822
+8613472280405
+8613515718417
+8613877683451
+8613178652375
+8613991100246
+8613385510165
+8613398512140
+8613002076624
+86田先生
+8613754119503
+8613608496695
+8613509214341
+8688344896
+8613360599586
+8613709602509
+8613587226091
+8613231039393
+8615918351685
+8613597464360
+8604518981115
+8613585301286
+8613031068366
+8613805956881
+8613684983071
+8613802363838
+8613638410696
+8613918589756
+8613604180500
+8613805966012
+8613902840060
+8613797590031
+8613565895565
+8613813680018
+8613333711803
+8613565862672
+8613985748768
+8613530320979
+8615921952709
+8615914570462
+8662132855
+8613534512345
+8602762132855
+8613467744169
+8613907750389
+8613487744169
+8615927858988
+8613973234162
+8613876586565
+8613660002988
+8613321136507
+8613426398478
+8613801230441
+8613396699508
+8613710383051
+8613410903345
+8615917022163
+8613564994226
+8613472621995
+8613503919748
+8613708772656
+8613277070390
+8613696759781
+8613987570456
+8613811588509
+8613609629983
+8613500031200
+8613901320957
+8613267165988
+8613299458490
+8613086019026
+8613906648540
+8613771077507
+8613511147876
+8613812185102
+8613851877786
+8613986132789
+8613668637567
+8613795959900
+8613850866489
+8613823782964
+8613012492775
+8613572030824
+8613714656889
+8613133153219
+8613922267595
+8613640499150
+8613921109677
+8613691919496
+8613567722654
+8613910500091
+8613427890485
+8613867301672
+8613907422102
+8613845672013
+8613934591551
+8613998058577
+8613586993134
+8613306198198
+8613562766776
+8613126650411
+8613670005974
+8613326326779
+8613938407060
+8613793804102
+8613677245324
+8613677245341
+8613867301670
+8613402160134
+8613664025500
+8613421303078
+8615913169675
+8613973173477
+8615996521475
+8613715057858
+8613055575888
+8613305735289
+8613962683689
+8613008339005
+8613736485598
+8613033199123
+8613522006372
+8613920455203
+8613964777050
+8613530055018
+8613795133563
+8613824345214
+8613633816990
+8613925497793
+8613802307356
+8615976536230
+8613782256179
+8613868017171
+8613694243186
+8613339778039
+8613057111237
+8613710938678
+8613751186671
+8613935039728
+8613958155228
+8613827779792
+8613404361578
+8613669820821
+8613925802098
+8613611326677
+8613078125856
+8613947362249
+8613631616860
+8613320905859
+8613080728014
+8615989665409
+8613776178781
+8613908330789
+8613549153206
+8613992933300
+8613085691555
+8613822982283
+8613705787333
+8613021680441
+8613092653265
+8613775085636
+8615989200181
+8613819552035
+8613479518914
+8615880211941
+8613603197233
+8613693135026
+8613700323358
+8613927729559
+8613706122328
+8613770534466
+8613030394840
+8613705237198
+8613907383123
+8613124833500
+8613990425062
+8615962678552
+8613752007046
+8613962667118
+8613772200084
+8613714381868
+8613326629569
+8613555155555
+8613802986633
+8613962763232
+8613782813929
+8613286813155
+8613608634010
+8613825939398
+8613992053356
+8613162437339
+8613431920008
+8663879059
+8613283392653
+8613193076968
+8613815030732
+8615995015578
+8613439045876
+8613709429096
+8613785250398
+8613718469607
+8613121283453
+8613971353681
+8613610091544
+8613032958025
+8613085106583
+8613715281950
+8613910183392
+8613788258359
+8607692184083
+8688888888888
+8613302207102
+8613087758898
+8621840832
+8615923262498
+8613510484777
+8613758533756
+8613087753000
+8613910088421
+8613852271748
+8613416371226
+8613560092965
+8613601110170
+8613035221183
+8613892987188
+8613957072999
+8613982190459
+8613100875519
+8615902437105
+8613709667332
+8613701034220
+8613637386183
+8613848177996
+8613556037045
+8613062943265
+8613793575877
+8603923993478
+863993478
+8615856521868
+8613776773393
+8613818971678
+8613510336215
+8613895840607
+8613219223399
+8613575599556
+8613990913657
+8613724603382
+8613729953195
+8613071868890
+8613427268784
+8613103015371
+8613241638736
+8632762206
+8613316645468
+8613479157432
+8613580999289
+8613844997943
+8615972684770
+8613953741186
+8615946260747
+8613861796237
+8613905832980
+8613867516621
+8613829126367
+8613611257681
+8613126535311
+8613503104385
+8615970122032
+8613705974438
+8613016971705
+8613686387790
+8613985186300
+8613918075840
+8613916389674
+8613015629311
+8613509041180
+8613068073804
+8613786819349
+86tte4487
+8698446355
+8613556097229
+8613330441968
+8613855351927
+8613003222228
+8613880558501
+8613321999183
+866138807
+8613913317492
+8613969390612
+8613899905685
+8613872016121
+8613168013758
+8613094252628
+8613510581864
+8613077081234
+8603158683269
+8613408751927
+8613818737460
+8613915576421
+8613485684456
+8613614634563
+8613890630886
+8613198559148
+8613013803607
+8613872666617
+8613507480527
+8615952385256
+8613962766655
+8613812243687
+8613768621801
+8613955221708
+8675526841549
+8613537899097
+8613367097618
+8613751029910
+8613996409014
+8613806952429
+8613303333330
+8613398612017
+8613941507773
+8613829604688
+8613526600883
+8613064258098
+8613509057465
+8613790211558
+8613139940689
+8613679850778
+8613316296709
+8613768874233
+8613621300149
+8613838945689
+8605553256905
+8613706337436
+86051585186596
+8613851947637
+8609113814103
+8607376832514
+8613222664669
+8613129720706
+8613883055464
+86057983040152
+8613328588967
+8613550803513
+8613598022688
+8613326638938
+86051255715728
+8613519453863
+8613938013031
+8605727682340
+8613404186612
+8613852489191
+8613861869999
+8613011521608
+8613551851868
+86076926345301
+8613393718458
+8613773599128
+8613327752133
+86076921850730
+86087188486906
+8613629125082
+8613017508206
+8613605229315
+8613922969069
+8613598233442
+8613148921243
+8613321881503
+8613714342303
+8613536881285
+8613681348083
+8613954977753
+8613424378703
+8613598435826
+8613179683363
+8613807181609
+8602763559540
+8613312780756
+8613715344801
+8613501225750
+8602985903489
+8613625856708
+8613816676081
+8613869706666
+8613758243981
+8613407160160
+8613858445508
+86059187854636
+8613665544023
+862664626
+8608518989188
+8613362302337
+8613675029629
+8613805386999
+8613305830082
+8613305830571
+8613852945609
+8613924669263
+8613870793118
+8613863639998
+8613775105285
+8615966694671
+8615878053215
+8613832366683
+8613588082647
+8613752824477
+8615904619852
+8613051323606
+8605978197668
+8613699653794
+8613813551050
+8602866177809
+8613418490059
+8605928614862
+8605328340530
+8613077374721
+8607363225927
+8613760860552
+8613706998862
+8613317518900
+8613855805798
+8613922719377
+8613651147644
+8613867951521
+8607388311601
+8613079356185
+86057786786032
+8613607076987
+8613936502037
+8613663927769
+8613154315686
+8613105945954
+8603122272721
+8613577713719
+8613550211960
+8613051053290
+8613944825922
+8613044582634
+8613771999744
+8613358587388
+86075786922506
+8613056211223
+8613926136566
+8615918538098
+8613927407026
+8613858867196
+8613713488952
+8613864733770
+8613502722170
+8613339891698
+8613904289118
+8613911828089
+8613963753789
+8602034518382
+8613981885962
+8607508870099
+8613906843716
+8608517861292
+8613923786179
+8613480681417
+8615938969918
+8608916887777
+8615995982211
+8613911208601
+8613423721521
+8613510285735
+8613823396575
+8603178993636
+8615955865588
+8613773450008
+8613971397090
+8605727625066
+8613602433345
+8613801218255
+8613520655698
+8613422009506
+8613993412997
+8613862716692
+8622000282
+8613764209102
+8613910220375
+8613901907570
+8613908394466
+8613702201603
+8613055573777
+8607508757820
+8613137189208
+8602085756823
+8615801455861
+8613560215340
+8600000000000
+86045182861899
+8613711419344
+8613600452873
+8613905213606
+8605368969648
+8609914684408
+8613032071339
+8613335551240
+8613681153269
+8613594807480
+8607568560219
+8613503968566
+8615302601122
+860212352721
