+8613763388315
+8613903709338
+8613454007815
+8613870385098
+8613868088101
+8613241946416
+8613752513295
+8613586105308
+8613645197607
+8615904979166
+8613908028789
+8613660831010
+8613657006058
+8615878067690
+8613601929561
+8613975277746
+8613923082704
+8613801055181
+8613909955608
+8613612863918
+8613608686448
+8613907422401
+8613223768940
+8613826855156
+8613327891782
+8618602001123
+8613383712962
+8613864914041
+8613974218855
+8613869305941
+8613062359866
+8613057223817
+8613858963255
+8613863646898
+8613609383927
+8613007344406
+8615953628168
+8613397749939
+8613939452626
+8613611189777
+8613514812261
+8613159399795
+8613568012288
+8613987421607
+8613099193873
+8613602185622
+8615996199101
+8613802202502
+8613712219013
+8613643822235
+8613715527191
+8613337889555
+8613908042676
+8613438744656
+8613323795993
+8613798650985
+8613655249843
+8613301271716
+8613803924601
+8613970946600
+8615418000000
+8613681538109
+8615934970628
+8613805496038
+8613568313034
+8613957835166
+8613853569523
+8613977183399
+8613871328198
+8613580312803
+8613905348755
+8613502211201
+8613783837804
+8613505996011
+8613503075387
+8613563378757
+8613510153810
+8613974553285
+8613915056999
+8613561898824
+8613323368723
+8613162609267
+8613600292807
+8613605516592
+8613573832711
+8613901408916
+8613474319111
+8613641623240
+8613918768142
+8613006349188
+8613501215797
+8613798351960
+8613841969296
+8613805093334
+8613222551090
+8613622619196
+8613571776333
+8613894683011
+8613560626719
+8613683388161
+8613877311185
+8613768230719
+8613256832680
+8613405286890
+8613235908190
+8613991217623
+8613558538355
+8613796888800
+8613095009839
+8613911326996
+8613788642195
+8613906614491
+8613475465267
+8613323092977
+8613600089617
+8613715480850
+8613939680518
+8613550738067
+8613691598787
+8613225615718
+8613805989019
+8613683283996
+8613600230808
+8615960528811
+8613879200327
+8613507524216
+8613662668589
+8613987711156
+8613591562978
+8613760669331
+8613870832763
+8613332226255
+8613069891355
+8613828676764
+8613931854995
+8613118070991
+8613770291742
+8613328862825
+8613386522618
+8613515770288
+8613004205158
+8613761447954
+8613386522615
+8613817950456
+8613802894235
+8617916096999
+8613807485680
+8613326750289
+8613077916367
+8613696034431
+8613211746955
+8613044679359
+8613828282872
+8613035671415
+8613557602918
+8613305710311
+8615970754368
+8613940395625
+8615837173135
+8613705165732
+8613061502390
+8613355738829
+8613082699218
+8613086144465
+8613391370763
+8613785246321
+8613951736661
+8613053022568
+8613970169253
+8613367805101
+8615958199319
+8612312321332
+8613438073926
+8613616890508
+8613707012505
+8615910080838
+8613116761616
+8613708875588
+8613960935658
+8613686282893
+8613973349129
+8613792375593
+8613901632206
+8613906660347
+8613199972288
+8615990891113
+8613718975607
+8613923443359
+8613857070718
+8613809524366
+8613201237888
+8613911156205
+8613780901203
+8613832250255
+8615952608008
+8613597666630
+8613955424036
+8613607185733
+8615905351336
+8613322862108
+8613639166985
+8613598035882
+8613508448191
+8613007103968
+8613120436068
+8615953501336
+8613124452629
+8613585498533
+8613936870141
+8613955503456
+8613587899361
+8613837276669
+8613934196510
+8613606187327
+8613185086345
+8613857011138
+8613820202743
+8613779269969
+8613881929577
+8613906241990
+8613182669711
+8613603793449
+8613358509981
+8613202820246
+8613677382427
+8613867788872
+8613389820358
+8613866280808
+8613037776659
+8613898055589
+8613665318930
+8613689980108
+8613705413271
+8613992650722
+8603187780300
+8613825108801
+8613514418633
+8613931761169
+8613245327465
+8613922854989
+8613269926695
+8613500508036
+8613600762550
+8615994779142
+8608388951105
+8613608888888
+8613808983005
+8613957323229
+8613854251088
+8613878188230
+8613816441376
+8613845112210
+8613791345858
+8613838383838
+8613630727393
+8613588836889
+8613868005898
+8613006916490
+8613531442381
+8613934231477
+8613863280191
+8613934872818
+8613877550176
+8613162734831
+8613521000850
+8613018957882
+8613306103901
+8613352812018
+8613692879523
+8613355220539
+8613712096108
+8613615204360
+8613176958707
+8613788973005
+8613410585422
+8613939476958
+8613380121985
+8613928283212
+8613651444316
+8613387930565
+8613826712000
+8613081052260
+8613758732188
+8613818096803
+8613395501796
+8613928282121
+8613808400166
+8613725339956
+8613639765678
+8613137813149
+8613723841152
+8613644881234
+8614370912462
+8613411199215
+8613709124621
+8613501335628
+8613291587188
+8613066462373
+8613701095399
+8613581284334
+8613804672200
+8613573368555
+8613329101780
+8613821914103
+8613801307902
+8613866348626
+8615995141818
+8613481237837
+8613882638629
+8613681510079
+8613013186639
+8613644421251
+8613509196030
+8613560356651
+8613619883709
+8613511227902
+8613603028082
+8613242044559
+8613586635031
+8613968336444
+8613818154679
+8613787275286
+8613907310959
+8613890606706
+8613807078286
+8613589097709
+8613774202154
+8613915310789
+8613802926473
+8613808096290
+8613923152518
+8613880768008
+8613621927262
+8613713859106
+8613392125669
+8613481119119
+8613951159889
+8613808732693
+8613889805675
+8613664926832
+8613310882966
+8613988555609
+8613600646807
+8613033267929
+8613899089988
+8613906688338
+8613980621393
+8613631636933
+8613797319762
+8613908305871
+8613335620711
+8613339120711
+8613757827058
+8613382123722
+8613620419842
+8613911174158
+8613620216831
+8613960768700
+8613905710271
+8613839829626
+8613905294571
+8613603956516
+8613729637580
+8613707424444
+8615902198748
+8613779911833
+8613038463203
+8613801779718
+8613778441629
+8613097201915
+8613510732623
+8613911918289
+8613791950287
+8613162348810
+8613717413848
+8613973500579
+8613784146752
+8613530695098
+8613706092599
+8613975545872
+8613503822385
+8613691449140
+8613794683950
+8615884021407
+8615808288183
+8613802683545
+8613928840970
+8613506363112
+8613018139883
+8613916978920
+8613153817007
+8613153815279
+8613918122787
+8605798386222
+8615992963548
+8613788550833
+8613801839147
+8613922989355
+8613189389779
+8613339968303
+8613905838683
+8613907161199
+8615979039923
+8613969933883
+8613761681216
+8613718602215
+8615318483804
+8613792308008
+8613792307008
+8613873160999
+8613888177873
+8613789922399
+8613716789217
+8613605177309
+8613937904181
+8613581608446
+8613017754291
+8613209432573
+8613796168456
+8613801176530
+8613242569740
+8615818669810
+8613541451947
+8613519630018
+8613917118188
+8613540615144
+8613312030139
+8613112123857
+8613945645256
+8613801614950
+8615999558933
+8613952426420
+8613893205870
+8613901973472
+8613682240147
+8615971018128
+8613468973487
+8613951863466
+8613700016270
+8613699073107
+8615861027799
+8613586369400
+8613307349508
+8613913845288
+8613905551701
+8613920362357
+8615953847570
+8613784050208
+8613738107841
+8613671755772
+8613182653308
+8613164726363
+8613813510828
+8613904442354
+8613566261619
+8613577115759
+8613950869749
+8613651732306
+8613794265749
+8613567040435
+8613768435698
+8613601815659
+8613638450878
+8613323132552
+8613550845946
+8615921944619
+8613857299986
+8613911417695
+8613551301514
+8613801182178
+8613399238106
+8613908174236
+8613600640089
+8613709723721
+8613861456897
+8613413958830
+8613817720602
+8613031826919
+8613975277272
+8613803389355
+8613970870561
+8615938593827
+8613802736845
+8613820557287
+8613976632551
+8615947917429
+8613922830614
+8613681871359
+8613472672550
+8613856146338
+8613707034374
+8613653033343
+8613606895530
+8613859960558
+8613460903433
+8613161938163
+8613307450559
+8615989367894
+8615873454396
+8613533070138
+8613536675200
+8613173918310
+8613592236886
+8613923064422
+8613536753332
+8607384230792
+8613882306861
+8613183922640
+8613972577487
+8613075681088
+8613617881618
+8613308596211
+8613489879563
+8613971309183
+8613430419441
+8613920864416
+8613726199841
+8613882385545
+8613846710001
+8613576129752
+8613306300827
+8613261380606
+8613800138003
+8613268466333
+8613835836526
+8613595259682
+8613590214793
+8613705625813
+8613392805075
+8613817547212
+8613866704213
+8613660690427
+8613901168586
+8613337189558
+8613601360861
+8613717779692
+8613715409040
+8613838737271
+8613917031539
+8613316866182
+8613801004374
+8608338399468
+8613927231569
+8613038103126
+8613955221254
+8613874090948
+8613172829292
+8613929909231
+8613893795372
+8613077888929
+8613426860679
+8613875050523
+8613305828767
+8613910575815
+8615865721137
+8613662645403
+8613899320982
+8613903611561
+8613888777026
+8613910520017
+8613858157606
+8613708333962
+8613375572969
+8613079801936
+8613702748653
+8613888870277
+8613682295912
+8613826826809
+8613333003666
+8613938888758
+8613521871123
+8613641247468
+8613850573963
+8613320630175
+8615555555555
+8615905845252
+8613905315668
+8613301163911
+8613677375699
+8615964710904
+8613923722867
+8613137820863
+8613402103199
+8615860781331
+8613468001771
+8613953931033
+8613331577878
+8613828112525
+8613363935511
+8613346588522
+8615822761106
+8613509664349
+8613927303857
+8613955665155
+8613675138869
+8613666607126
+8613519262866
+8613867966877
+8613189706329
+8613881109267
+8613605169759
+8613973659302
+8613901383160
+8613892896988
+8613919415532
+8613520656517
+8613109583182
+8613908137372
+8613401188895
+8613968581058
+8613940849109
+8613601981953
+8613424156953
+8613931255565
+8613622718456
+8613307358122
+8604528606868
+8613802763621
+8613004622380
+8613873948990
+8613985441568
+8613986615866
+8613860176855
+8613602590637
+8613699841129
+8613510292569
+8613952116874
+8613961006915
+8613902745454
+8613305752122
+8613007235612
+8613937446866
+8613621985043
+8613701804686
+8613660593666
+8613505707897
+8613925712188
+8613977776132
+8613795312421
+8613380861616
+8613383096669
+8613714161298
+8613311916258
+8613602828582
+8613928321268
+8613706468419
+8613508116889
+8613880508333
+8613380241488
+8613801203918
+8613602370470
+8613921494668
+8613007450214
+8613771625290
+8613963748275
+8613450525522
+8613321938648
+8613009471064
+8613809852366
+8613714682189
+8613013725978
+8613501586899
+8613820554349
+8613954619252
+8613964011701
+8613941142668
+8615860047022
+8613942071670
+8613064852499
+8613867365628
+8615989489686
+8613430878086
+8613991026000
+8613530200460
+8613961360179
+8613755769615
+8613605519891
+8613911044771
+8613589116583
+8613463967258
+8613614285278
+8613951613509
+8613674961003
+8613767509838
+8613886626880
+8613903711330
+8613817356456
+8615986458331
+8615983389694
+8613215223353
+8613531650209
+8613346849369
+8613808389333
+8613119058008
+8613735651231
+8613314369266
+8613322811382
+8613987412588
+8613823386228
+8613629511249
+8613695971176
+8613641013562
+8613714469626
+8613926833019
+8613807072186
+8613851659262
+8613953572230
+8613380187933
+8615953160478
+8613137764167
+8613752685526
+8613653866272
+8613391621616
+8615910781462
+8613818240298
+8613319210319
+8613151965217
+8605737207308
+8613608522115
+8613878426629
+8613912037095
+8613220616211
+8613013965105
+8613839541729
+8613331390886
+8613862116256
+8613608671140
+8613970105666
+8613155504957
+8613850840166
+8613997760901
+8613817244712
+8613643806452
+8613643816452
+8613428922021
+8613650792888
+8613429823658
+8613615987151
+8613862971036
+8613718565625
+8602763212386
+8613769107686
+8613974572899
+8615327867766
+8613879561199
+8613044195385
+8613879561191
+8613510883862
+8613968517716
+8613926073469
+8613501641508
+8613587669977
+8615820299865
+8613996978900
+8613911673372
+8613966052090
+8613841698856
+8613321828761
+8613616982161
+8613410723801
+8613600250736
+8613974347122
+8615995030135
+8613395516798
+8613574576893
+8613508503059
+8613576479661
+8613735539585
+8613326326946
+8613265810279
+8613735762156
+8613072056736
+8613171741528
+8613003710081
+8613651279876
+8613707079372
+8613341475799
+8613845109635
+8613302334999
+8613518375179
+8613850189267
+8613873212998
+8613907851083
+8615988555878
+8613650729337
+8613930073836
+8613502857428
+8613957995690
+8615860313637
+8613338783700
+8613917141325
+8613586527844
+8613511627162
+8613573312919
+8613132667295
+8613798307322
+8613611326851
+8613467669085
+8613068457545
+8613901221966
+8615839706962
+8613987899980
+8613902361220
+8613797822573
+8613003674953
+8613807352221
+8613359160856
+8607918446695
+8613837992677
+8613978106896
+8613787212777
+8613050308675
+8613531513070
+8613510622112
+8613085996267
+8613678816456
+8613947255163
+8616585108556
+8613313092035
+8613376737873
+8613925291608
+8613695380620
+8613590312937
+8613525186459
+8615900100889
+8613848225207
+8613550333900
+8613510098429
+8613544768669
+8613601365658
+8613985532799
+8615862571025
+8613880320902
+8613202038132
+8613878409986
+8613609719179
+8613818081535
+8602088308856
+8613308086612
+8615910102266
+8613139999833
+8613851506011
+8613805405199
+8613971002366
+8613971070792
+8613681520071
+8613302380738
+8613602690585
+8613730368225
+8613713979370
+8615862762198
+8613981019569
+8613816076183
+8613986742660
+8613053862327
+8613061510909
+8613552202055
+8613924823795
+8613078890181
+8613500709247
+8613870841890
+8613265417568
+8613997718905
+8613883040973
+8613658695599
+8613807842118
+8613642323933
+8613913622005
+8613868009988
+8613162812048
+8613997708366
+8615966301206
+8613839993215
+8613997820858
+8613982384831
+8613953537665
+8613087724364
+8613723790031
+8613916960462
+8613570865203
+8613859563333
+8613667170503
+8613524000563
+8613817378620
+8613197789599
+8613701217867
+8613938999975
+8613656289266
+8613761626697
+8613601122362
+8613129597552
+8613026694546
+8613930028186
+8613629881300
+8613427518756
+8613911736921
+8613085227719
+8613901032864
+8613569259855
+8613605771858
+8613934242763
+8613903766088
+8613607818690
+8613588700978
+8613801268116
+8613946019636
+8613641403383
+8613601076574
+8613681333578
+8613806014040
+8613990394531
+8613570361571
+8613135268316
+8613771089672
+8613507369396
+8613602407392
+8613860512325
+8613524752204
+8613608125340
+8613711133664
+8613804000412
+8613118387887
+8613339231358
+8613811515908
+8613207193478
+8613826093048
+8613421336333
+8613083816199
+8613039263779
+8613945466678
+8613943297875
+8613510383692
+8613007451918
+8613506457261
+8613858065461
+8613321985111
+8613606735675
+8613063668893
+8613777512028
+8613911010897
+8613978177625
+8613176615561
+8613510073096
+8615961254167
+8615923190988
+8613861279558
+8613869086829
+8613057590504
+8613877465523
+8613503897840
+8613888965340
+8613925544320
+8613998512053
+8613817769832
+8613708864114
+8615999839228
+8613871305506
+8613231643972
+8613798439242
+8613705122579
+8613571180619
+8613536972018
+8613905575595
+8613903596404
+8613301868210
+8613961605951
+8613666424004
+8613543789076
+8613666677261
+8613823998011
+8613199569894
+8613768123920
+8613061695736
+8613015328378
+8613865576557
+8613117382526
+8613683326988
+8613294567425
+8613808286898
+8613842199966
+8613573211275
+8613801799399
+8613356837416
+8613358129797
+8613902596680
+8613305533038
+8613640409221
+8615302130358
+8615923321194
+8613539897544
+8613375128797
+8613507315860
+8613932160346
+8613922118118
+8613671486427
+8613902845836
+8613923081229
+8613768309223
+8613099996605
+8613580251066
+8615882104940
+8613512019888
+8613907033050
+8613980131338
+8613823290610
+8613789656894
+8613133121498
+8613766880468
+8613571051555
+8613306503332
+8613999276411
+8613581786002
+8613587155680
+8613839318956
+8613801879188
+8613839490031
+8613302261378
+8613509126307
+8613185046433
+8613554925062
+8613896127102
+8613420913220
+8613755188791
+8613668909938
+8613755135572
+8613902211482
+8613684143638
+8613805821810
+8615999862061
+8613008804446
+8613671346336
+8613564211065
+8613122103793
+8613523320055
+8613565621197
+8613807720025
+8613561725590
+8615908188916
+8613332889649
+8613503552876
+8613518839132
+8613798711808
+8613805108450
+8613607950179
+8613507264885
+8613153748021
+8613261240696
+8613901889246
+8613928490385
+8613801472346
+8613382879350
+8613770504784
+8613809556798
+8613502439670
+8613786471334
+8613606738448
+8613853218563
+8615961121177
+8613780008616
+8613798442593
+8613905826306
+8613600996005
+8613821327732
+8613883772071
+8613810756690
+8613905987265
+8613719338959
+8613837117968
+8613908431468
+8613119338149
+8613502998986
+8613119338049
+8613524397777
+8613688378856
+8613349058677
+8613500536489
+8613217271680
+8613620884577
+8613692762858
+8613581441050
+8613083796343
+8613371515566
+8613966133328
+8613175986541
+8613058184341
+8613526818546
+8613957008875
+8613918028939
+8613301316227
+8613718823615
+8613767313755
+8615911663638
+8613908679563
+8613913138506
+8613530645519
+8613189192343
+8613524712708
+8613727477472
+8613857855870
+8613698601559
+8613906840556
+8613621742610
+8613076200371
+8613938867968
+8613321580102
+8613387286418
+8613601321055
+8613600350433
+8613500309148
+8613716085862
+8613049481469
+8613801301375
+8613268088010
+8613702829233
+8613605852585
+8613362091326
+8613952881120
+8613018540225
+8613525657183
+8613352360977
+8613241341324
+8613241324132
+8613307318546
+8613801837102
+8613505751979
+8613919427159
+8613355377673
+8613018557818
+8613927798132
+8613702625709
+8613805088189
+8613989340701
+8613420832392
+8613599032519
+8613276282793
+8615849138265
+8613808886692
+8613982288877
+8613308205171
+8615996895899
+8613970835931
+8613109357899
+8613820032577
+8613114633033
+8613913934000
+8613775324737
+8613606220698
+8613902007631
+8613974180430
+8613955720000
+8613335118275
+8613505890005
+8615852192001
+8613906718487
+8613916480923
+8608398851860
+8613719704436
+8613977201365
+8613241553328
+8613567536806
+8613036800113
+8613701843764
+8613564754750
+8613681502246
+8613185098371
+8613605779582
+8613953703656
+8613329550187
+8613713136505
+8615950840613
+8613702608396
+8613923114086
+8616826083541
+8613908651967
+8613959363308
+8613509253552
+8613403436073
+8613872505721
+8613065048388
+8613928133333
+8600642115247
+8613663776087
+8601343784445
+8613782163898
+8613589276561
+8613507990108
+8604528692279
+8613009658157
+8613588530585
+8613316210928
+8613962936888
+8613955668095
+8613613810442
+8613956831578
+8613958268654
+8613812061393
+8613963657927
+8613952825918
+8613509303838
+8613658027639
+8613830951808
+8615836323363
+8613068456150
+8615904110896
+8613820991081
+8615978181653
+8611554452125
+8613726325288
+8613607710993
+8613906134925
+8613505610188
+8613978316478
+8613801936161
+8615979510179
+8613015702528
+8613735979096
+8613928767806
+8613564143180
+8613685717876
+8613861933900
+8607713965541
+8613737712001
+8613261983054
+8610607713965
+8613867474737
+8613357181869
+8613305567389
+8615821368900
+8615314258828
+8613871532160
+8613862071478
+8613981976634
+8613003060813
+8613587030176
+8613801679571
+8613922973318
+8613629453226
+8613556155814
+8613332072313
+8613770273300
+8613333759186
+8613288153999
+8613952441989
+8613813879786
+8613916598058
+8613801654333
+8613907765566
+8613810935709
+8613688831631
+8615821272686
+8613240152468
+8613649234327
+8613376370050
+8613544531515
+8613361948559
+8613801043489
+8613877253403
+8613955550605
+8615913084897
+8613475352056
+8613802553295
+8613841243586
+8613701306671
+8613857167055
+8613929995333
+8615945075677
+8613611962299
+8613713188519
+8613840118969
+8613693316322
+8613871228950
+8613766801518
+8613610290726
+8613641841821
+8613003329188
+8613890150292
+8613513565371
+8613919219739
+8613756668468
+8613073220050
+8613839724978
+8613953151296
+8613542038147
+8613592050797
+8613598963937
+8613873142565
+8613501124905
+8613671356987
+8613872472276
+8613221798095
+8613724555016
+8613863208833
+8613671240889
+8615953767099
+8613512257800
+8613703759784
+8613528489598
+8613567307707
+8613968007889
+8613921676396
+8613338078859
+8613806500989
+8613368422587
+8613661552907
+8613510589687
+8613933814703
+8613001226042
+8613819278584
+8613609482662
+8613317106442
+8613771627160
+8615819402007
+8613912154169
+8613608468705
+8613134599285
+8613475831438
+8615891707117
+8613003683188
+8615301696608
+8613984140456
+8615973582981
+8613400737669
+8613053039659
+8613586717156
+8613551391582
+8613818320309
+8613003548938
+8613023278600
+8613078963396
+8613971948516
+8613012900517
+8613806715570
+8613875820578
+8613888116725
+8615838811616
+8613873180525
+8613661225097
+8613612690350
+8613925050360
+8613606703205
+8613912769601
+8613907191547
+8613709038908
+8613845029913
+8613046896399
+8613907999159
+8613382766396
+8613588825397
+8613701993260
+8613363510281
+8613997561894
+8613588499360
+8613803914525
+8613618023296
+8613105750398
+8607303093569
+8613825719573
+8613707948612
+8613176446525
+8613995053331
+8613789030646
+8613892076915
+8613891831301
+8613795650890
+8613501943405
+8613919169595
+8613361260588
+8613016163721
+8613814607589
+8613707741326
+8613069870777
+8613902221234
+8613475326842
+8613866175208
+8613301927376
+8613785797999
+8613762739691
+8613701965457
+8613506258666
+8615972318193
+8613820701893
+8613632905281
+8613073722625
+8613520496104
+8613518403232
+8613875752466
+8613994553740
+8613260337978
+8613152665555
+8615874178886
+8613830549872
+8613391721950
+8613816355570
+8613843257260
+8615879338233
+8613858608796
+8613558793741
+8613352638163
+8615922543856
+8613911965238
+8613908420937
+8615808212212
+8613506168983
+8613962083050
+8613981719800
+8613877503488
+8613979537639
+8613905736993
+8613605084387
+8613356305706
+8613004480228
+8613533571616
+8613981609116
+8613715885207
+8613835008088
+8613955438928
+8613801101101
+8613788257788
+8615645471666
+8615902038868
+8613542355667
+8613905684226
+8613217735448
+8613588561396
+8613109484571
+8613659427858
+8613228538715
+8613918832997
+8613903815625
+8613503565681
+8613381704096
+8613887980560
+8613619322858
+8613807022909
+8613665058828
+8613858125760
+8613603950109
+8613311661600
+8615800624071
+8613328828987
+8615800062407
+8613955776897
+8613151409384
+8613873164069
+8613016897187
+8613354260108
+8615952992818
+8613795571521
+8613632627818
+8613875008845
+8613588899351
+8613823900001
+8613816615412
+8613579990259
+8613718990657
+8613910147853
+8613102129492
+8613585984148
+8613764088718
+8613555737066
+8613841575306
+8613946228899
+8613809101079
+8613081915826
+8613933310945
+8613420293282
+8613808710442
+8613226199236
+8615832958336
+8613378469111
+8613942105427
+8613513039188
+8613301802265
+8613857387176
+8615950110123
+8613814064462
+8613128200321
+8613453195910
+8613934146011
+8613593531877
+8613980786979
+8613701667787
+8613648113670
+8615983511658
+8613473359941
+8613910185639
+8613952703253
+8613311251558
+8613180080331
+8615873049268
+8613553848221
+8613792840196
+8613605772915
+8613810739030
+8613328103115
+8613567293506
+8613305563789
+8613702653518
+8613807716081
+8613529199868
+8613314786918
+8613559987818
+8613806807599
+8615307101726
+8615979129105
+8613883591975
+8613851606844
+8613036313466
+8613266008000
+8613549010134
+8613846830522
+8613864730796
+8613634166733
+8613070691586
+8613088540201
+8613861823745
+8613837999840
+8613074677840
+8613640092022
+8613911162048
+8613005724855
+8615901987552
+8615942802710
+8613357768086
+8613602547886
+8615902360983
+8613357018683
+8613488746723
+8613786708866
+8613910187493
+8613623862122
+8613925028292
+8613807237991
+8613618086962
+8613403975206
+8613691546906
+8613755042313
+8601385078177
+8613850781775
+8613918718495
+8613805541990
+8613957019313
+8613034571888
+8613662766383
+8613905362485
+8613186596166
+8613798002583
+8613621085818
+8613585745977
+8613763602653
+8613713701902
+8613856670176
+8613660294508
+8613799077576
+8613966005326
+8613954783176
+8613359669053
+8613611109979
+8615315340359
+8613777936352
+8613917306167
+8613788299881
+8613935816136
+8612122121212
+8613952202963
+8613518489228
+8613714759695
+8613387735655
+8613697837339
+8613501112222
+8613122230350
+8607103893012
+8607103990360
+8613909715960
+8613907782323
+8613802550996
+8613979548609
+8613902404791
+8613073602300
+8613823387729
+8613365870347
+8613590360070
+8613821582291
+8613675493877
+8613505691346
+8613622062598
+8613777391401
+8615935156198
+8613836168767
+8613626565836
+8613714086711
+8613318838210
+8613926988368
+8613689995705
+8613705971185
+8613824893228
+8615836856777
+8615927579812
+8613751543839
+8613801366317
+8613587128822
+8613888510618
+8613838031994
+8613154805518
+8610351226378
+8613701318041
+8613953775948
+8613707795775
+8613609039901
+8613308044998
+8613918905696
+8613034049111
+8613852044018
+8613616235769
+8613432066186
+8613776497319
+8613515805207
+8615800447316
+8613549158967
+8613857815825
+8613883233418
+8613992699555
+8613983373996
+8613703071170
+8613509908901
+8613825559112
+8613601062208
+8613928142139
+8613987390887
+8613978090949
+8613659405798
+8613721887729
+8613920172986
+8613918731487
+8613714316191
+8613337346019
+8613329856688
+8615960433604
+8613908017480
+8613587581186
+8613602957173
+8615966043360
+8613858286510
+8613702354662
+8613509394592
+8613925212790
+8613536211194
+8613540278364
+8613685900600
+8613326727738
+8613168322995
+8608255894918
+8613720530200
+8613838910799
+8613600079400
+8613781383842
+8613502818948
+8613071588666
+8613761383842
+8613701200831
+8613701200832
+8613994352866
+8613386268755
+8613506430908
+8613892432216
+8613807756818
+8613503753833
+8613728692810
+8613625084939
+8613606179673
+8613704590846
+8613352205509
+8613596380368
+8613523510035
+8613032134138
+8613589662960
+8613961532234
+8613820589675
+8613957890118
+8615996870909
+8613620589675
+8613607261368
+8613861252515
+8613399151328
+8613650051198
+8613674987527
+8613839051536
+8613980957909
+8613203707674
+8613901077588
+8613655527028
+8613485150209
+8613795778792
+8613357808228
+8613764107774
+8615900670055
+8613503831478
+8613687311640
+8613873189313
+8613823550638
+8613910533339
+8613956023666
+8613918321229
+8613567399583
+8613805791256
+8613277072459
+8613761465079
+8613764418874
+8613882571199
+8613207118168
+8613301525588
+8613990802888
+8613890291906
+8613213081640
+8613981205750
+8613981225983
+8613905196999
+8613684342220
+8613386564161
+8613711782025
+8613890606823
+8613098509806
+8613076876591
+86051482872080
+8613221094519
+8613304401585
+8613783587850
+8613913133313
+8613928543208
+8613881890146
+8613898466512
+8613869980977
+8613828759099
+8613780822182
+8613801560081
+8613686082105
+8613560798980
+8613801726511
+8613022059657
+8613976660252
+8613928499172
+8613812962176
+8611382312108
+8613785153660
+8613860263326
+8613693161609
+8613302127897
+8613610341459
+8613137074554
+8613192600328
+8613818608248
+8613553332605
+8613638353777
+8613651987397
+8613923353030
+8613594360198
+8613565041609
+8613911000919
+8613611636370
+8613809550578
+8615923399709
+8613602723024
+8615822661016
+8613512382377
+8613391572099
+8608138837895
+8613978011393
+8613920121955
+8613012378406
+8613120009982
+8613424147631
+8613142460506
+8613586575672
+8613602914796
+8613728595407
+8615953105668
+8613801252797
+8613520456518
+8613717153678
+8613801387888
+8613459117060
+8613983614169
+8613792247609
+8613118366675
+8613688302036
+8613950336843
+8613001626105
+8613311792121
+8613927304073
+8615862212028
+8615903288415
+8613450060158
+8613522733003
+8613877585677
+8613803028339
+8613327880092
+8613732189564
+8613975553359
+8613912785091
+8615305276033
+8613339696796
+8613651063191
+8613857853692
+8613173426346
+8613637318777
+8613805064947
+8613434305195
+8613971219960
+8613962503825
+8615929923347
+8613902172792
+8613928406122
+8613801694318
+8613923718156
+8613909467352
+8613337803348
+8613850101505
+8613691016363
+8613276019933
+8613774849128
+8613322909396
+8613709078661
+8613097650208
+8613775042588
+8613969860996
+8613482208588
+8613482208587
+8613641734551
+8613831395878
+8613812882166
+8613952875526
+8613957702060
+8615878191258
+8613808980649
+8613305760787
+8613477883518
+8613805946843
+8613318893053
+8613519097081
+8613602073948
+8613607349765
+8613979716783
+8613805322812
+8613681529269
+8613714328017
+8613598731321
+8613871211342
+8613923857769
+8613515209332
+8613785588122
+8613934682672
+8613802241475
+8613875835853
+8613908326308
+8613396116641
+8613560222328
+8613795105119
+8613167939775
+8613701765876
+8613615387409
+8613912945304
+8613159421360
+8613801717334
+8613801898238
+8613083921288
+8613857103990
+8613945481088
+8613832358588
+8613711173419
+8613999526595
+8613002594415
+8615979091187
+8613998268102
+8613819276656
+8613500799855
+8613957802659
+8613700895544
+8613991852469
+8613998309612
+8613402097314
+8613914725933
+8613368591230
+8613750939616
+8613676948468
+8613305152736
+8613911357919
+8613675180918
+8613981609380
+8613806204268
+8613135261986
+8613553059695
+8613559712151
+8613589330682
+8613060090637
+8613313112292
+8613951023673
+8613668209756
+8613751404672
+8613957420522
+8613808073622
+8615941960204
+8613313112922
+8613001965621
+8613807786303
+8613983863926
+8613006586425
+8613671589449
+8613351288086
+8613902560953
+8613955216827
+8613629908521
+8613972604614
+8613872535685
+8613958708180
+8613808504860
+8613113156650
+8613568715096
+8615808463496
+8613906984921
+8613007126026
+8613383008798
+8613909203976
+8613392627808
+8613203705503
+8613982323626
+8613826884521
+8613868897189
+8615803193168
+8613367572898
+8613527313827
+8613858188455
+8615336567958
+8613355595946
+8613837500969
+8613006736188
+8615800341088
+8613538754486
+8613768758269
+8613901213119
+8613712228881
+8613701074368
+8608759253297
+8613675565022
+8613683123955
+8613324239212
+8613840666926
+8613808883455
+8613603553022
+8613804573868
+8613911092993
+8613335728869
+8613387520667
+8613863490822
+8613857773993
+8613082311227
+8613956935208
+8613429036802
+8613701711526
+8613338009235
+8613609462975
+8613833061269
+8613161985983
+8613805172531
+8613724128840
+8613686398109
+8613807911748
+8613858960606
+8613141176605
+8613605109090
+8612702226988
+8613758783810
+8613600962018
+8613509869298
+8613959197876
+8613714148929
+8613973586911
+8613898282826
+8612722900969
+8613925506826
+8613776620227
+8613829176509
+8613996306818
+8613967431080
+8613327329339
+8613428894634
+8613014587493
+8613501528173
+8613959881688
+8613506445984
+8613964095912
+8613306353567
+8613805081745
+8613705646508
+8613790854866
+8613465642136
+8613543703845
+8613473055175
+8613136985700
+8613803900750
+8613974541685
