+8613823633788
+8613981092660
+8615972233310
+8613247695694
+8613926786635
+8613917465774
+8613738161469
+8613986056658
+8613611615325
+8613175015110
+8615874855295
+8613838559849
+8613430873318
+8613508200260
+8613385888138
+8613983246042
+8613601116012
+8613928990520
+8613587532638
+8613892393003
+8613506771563
+8613079937179
+8613787010318
+8613609869113
+8613587688028
+8613949584126
+8613957756588
+8613627262036
+8613563367942
+8613506226800
+8615964792396
+8613948522678
+8613967292702
+8613906671116
+8613808163239
+8613579538956
+8613958659719
+8613331813013
+8613825689463
+8613573240685
+8613031824061
+8613206358299
+8613786089059
+8613967958827
+8613921097588
+8613157156128
+8613122921216
+8613004470898
+8613983655551
+8613957855933
+8613735559283
+8613818049771
+8613884827911
+8613332962271
+8613381958983
+8613598237194
+8613812836714
+8613792579866
+8613711600084
+8613979462598
+8613634991869
+8613801395487
+8613954382636
+8613938581891
+8613213053802
+8613824178878
+8613970021226
+8613931671126
+8613988245156
+8613626260850
+8613325274050
+8613524244605
+8613669857748
+8613712008000
+8613913544246
+8613837785855
+8613686419308
+8613545561994
+8616666666663
+8613867675088
+8613805112816
+8613445376300
+8613791325033
+8613770756277
+8613655212215
+8613989854533
+8613168129027
+8613714238005
+8613581956324
+8613046613211
+8613861006382
+8613906231296
+8613341784772
+8613858101744
+8613857568609
+8615854301968
+8615954930122
+8613072066483
+8613332122207
+8613333734760
+8613575013875
+8613661788438
+8615934637648
+8613955335655
+8613610010193
+8613587015396
+8613602578115
+8615952405605
+8613346212260
+8613807081960
+8613542811899
+8613509631456
+8613754226419
+8613501391165
+8613038286910
+8613265168932
+8613647341939
+8613713036611
+8613889900434
+8613621611388
+8613265618932
+8613979905439
+8613869013066
+8613361911099
+8613321373770
+8613875978093
+8613850377765
+8613853810704
+8613896893356
+8613606988456
+8613356399901
+8613706200363
+8613854160969
+8613812692228
+8613916316661
+8613981180153
+8613777457063
+8613606083636
+8613958102163
+8613960724964
+8613676615635
+8613472713700
+8613890107166
+8613220852029
+8613808357719
+8613980819389
+8613583151871
+8613805652700
+8613694320697
+8613707255916
+8613318387211
+8613087595592
+8613055832670
+8613502764493
+8613357089276
+8613969592300
+8613873194825
+8613606764403
+8613937408176
+8613911750669
+8613962515901
+8615862792097
+8615883042696
+8613228467383
+8613962778948
+8605708696853
+8613808055033
+8613332852388
+8613874993654
+8613756496529
+8613384965418
+8613548942167
+8613060369288
+8613992615808
+8613909168258
+8613844649866
+8615258681226
+8613025106731
+8613911901876
+8613523323366
+8613908687947
+8613801425075
+8613861890985
+8613064698619
+8613878172812
+8607508195697
+8613199260066
+8613503269870
+8613700198145
+8613976099757
+8613180566002
+8613191876035
+8613990417542
+8613823406175
+8613843584352
+8613707336004
+8613855186505
+8613021339702
+8615958191975
+8613983803216
+8613227779022
+8613949827255
+8613567780356
+8613367365377
+8613818226651
+8613703317202
+8615867126777
+8613915778056
+8613901060280
+8613197354990
+8613808460113
+8613881780333
+8613322388686
+8613814009129
+8613304983267
+8613397155990
+8613877167488
+8613818973438
+8613598775735
+8613068041301
+8615953176729
+8613980663377
+8613639663220
+8613037100095
+8613998921992
+8613327219302
+8613420959549
+8613727380979
+8613901863979
+8615973835159
+8613337712600
+8613751888738
+8613428938203
+8613250898559
+8615902359599
+8613902137541
+8613958802221
+8613416156800
+8613416156700
+8613311396524
+8613902686823
+8613924976386
+8613902499128
+8613663255260
+8613033951572
+8613528885430
+8613547895200
+8615910393905
+8613308502383
+863372899
+8613801931881
+8613719123782
+8613702086368
+8613920101489
+8613625917412
+8615970791125
+8613207087077
+8613708886677
+8613576670858
+8613520792927
+8613587109168
+8613561094810
+8613260353506
+863666636
+8613133333333
+8613655338700
+8613903898799
+8613733554784
+8615831127101
+8613538153157
+8613761868988
+8613999862199
+8613808007336
+8613509183222
+8613777837958
+8613801210316
+8613712116067
+8613974550503
+8613609127558
+8613054674490
+8613888393780
+8613875907726
+8613146777682
+8613787024017
+8613838388598
+8613735819798
+8613306391871
+8613191286178
+8613801229649
+8613923661632
+8613710905955
+8613805634859
+8615900789358
+8613871044724
+8613801229646
+8613693095783
+868088049
+8613909940569
+8613318627093
+8613565788453
+8613650490217
+8613952406605
+8613195292122
+8613991034603
+8613621749945
+8613543262986
+8613953578209
+8613277616638
+8613548725760
+8613885765321
+8613564789981
+8613832315688
+8613699115681
+8613802539003
+8613333816615
+8613818967569
+8613515516749
+8613207811525
+8613622047122
+8613819017761
+8613583316448
+8613805236477
+8613689987697
+8613194865444
+8613185197327
+8613937160496
+8613879512027
+8613780356616
+8613620821933
+8613310982086
+8613377301999
+8613798088988
+8613296656307
+8613530017423
+8613605456667
+8613598809022
+8613879521703
+8613844869567
+8613152027100
+8613548277320
+8613099004569
+8613581615718
+8613873456466
+8613698808764
+8613622433979
+8613613582746
+8613860123022
+8613776203500
+8613828002998
+8613178112827
+8613863220888
+8613806173515
+8613956514526
+8613174180380
+8613305382686
+8613583395169
+8613639588016
+8613878630427
+8613933056121
+8613505070636
+8613826887606
+8613712866600
+8613590466032
+8613907695757
+8613923880488
+8613304996127
+8613859620966
+8613930445637
+8613952699935
+8613996076507
+8613979327933
+8613180905508
+8613079530506
+8613588502573
+8613585059269
+8613969665711
+8613962390340
+86051263588585
+8613837760297
+8613873302609
+8612907751122
+8613316225212
+8613823006456
+8613886735039
+8613681525465
+8615800978281
+8613620248493
+8613606030618
+8613602962589
+8613706166201
+8613426224201
+8613852610046
+8615953622563
+8613801382879
+8613589500407
+8613706246070
+8613422456810
+8613185717707
+8613972487898
+8613937510987
+8613873002165
+8615968117793
+8613185707707
+8613952256526
+8613436368658
+8613928003966
+8613683040253
+8613804656628
+8615954800040
+8613799368235
+8613912293550
+8613916708086
+8613688111888
+8613611371130
+8613571563380
+8613902914806
+8613514607929
+8613935856377
+8613391119830
+8613823309246
+8613381268800
+8613663757229
+8613902748820
+8613482389775
+8613579273455
+8613751182974
+8613998918456
+8613921884498
+8613775328677
+8613365643883
+8613714270545
+8613914961815
+8613854563228
+8613959566520
+8613085292437
+8613802661817
+8613755740760
+8613397178066
+8613859479746
+8613726523698
+8613073039808
+8615921144258
+8613520152753
+8613851481390
+8613938469291
+8615798526356
+8613454970520
+8613962125135
+8613857318802
+8613917011129
+8613707323993
+8613878642657
+8615304683111
+8613833372919
+8615821113638
+8613858924635
+8613146255314
+8613962223361
+8613030023567
+8613926034738
+8613535226150
+8613931171783
+8613528461422
+8613588074282
+8613518335255
+8613377171388
+8613920155033
+8615821678676
+8615994740740
+8613589521300
+8613906806364
+8614383288638
+8613610383860
+8613709022088
+8613879015518
+8613003456799
+8612322233000
+8613581075443
+8613980808086
+8613805751897
+8613298221065
+8613858123187
+8613727096178
+8613823021208
+8613207655576
+8613505197050
+8613931222659
+8613911314880
+8613349956538
+8613041865421
+8613059059300
+8613566746517
+8613927005252
+8681600933
+8613860225466
+8613853117475
+8613130221545
+8613802548013
+8613956893558
+8613961452848
+8631064108865
+8613679049720
+8613064108865
+8613564020821
+8613857314828
+8613983901978
+8613528599938
+8613381952171
+8613701278977
+8613570539119
+8613828131838
+8615852787006
+8613686446664
+8613926687036
+8613608533648
+8613676211041
+8613962446276
+8613003336555
+8613646601072
+8613323372546
+8613719743666
+8613858173573
+8613312919999
+8613592685409
+8613938246822
+8613890105988
+8613161875143
+8613756606671
+8613840394468
+8613877289003
+8613126686779
+8613178677127
+8615903436266
+8613800138052
+86139762661
+8613330631930
+8613520230047
+8613520595067
+8613096449238
+8613885118001
+8609313657326
+8613804727819
+8615979062101
+8613806713853
+8613561667157
+8613852152170
+8613902834948
+8613583331510
+8613330508960
+8613709391569
+8613410371474
+8613608577693
+8613710646188
+8615923868736
+8613383902088
+8613320820319
+8613021165696
+8615991653511
+8615887804886
+8613719209277
+8613942688299
+8613663459676
+8613881091209
+8613613819513
+8613951856060
+8613921631364
+8613903717597
+8613522643247
+8613936390827
+8613308414706
+8613572811979
+8613842180099
+8613910423445
+8613977110226
+8613883871398
+8613717996773
+8613602678316
+8615996458266
+8613563855079
+8613381113169
+8613733333588
+8613393737005
+8613156807209
+8613307859300
+8613808139322
+8613851845075
+8613608487799
+8613735740099
+8613895025681
+8613363492728
+8613898001568
+8613955111633
+8613604510525
+8613999561091
+8613552926651
+8613152659425
+8613325044977
+8613944223566
+8613840322830
+8613965728012
+8613818062176
+8613713874018
+8613593720130
+8613538781413
+8613605829083
+8613530228176
+8613807901843
+8613064765105
+8615971452675
+8613625859075
+8613952448850
+8613804931988
+8613820072064
+8613438074810
+8613268686061
+8613913339877
+8613857455956
+8613216256038
+8613501803971
+8613062586996
+8613621628779
+8613235858054
+8613778705686
+8615914382189
+8613849183135
+8613939567886
+8613858857877
+8613951389882
+8613484501222
+8615990293057
+8613391068037
+8613820270198
+8613833483700
+8613563671563
+8613077076168
+8613962390352
+8613924423066
+8613973828516
+8613922620785
+8646508287088
+8613942981531
+8613208287088
+8613887389292
+8613575173922
+8613324631785
+8613500807610
+8615987499777
+8613859994080
+8613798038669
+8613637855533
+8613802541929
+8613980522277
+8613587013810
+8613102816968
+8613957966766
+8613109090006
+8613604945601
+8613509606198
+8613033283649
+8613778256688
+8613031790869
+8613761701298
+8613418681536
+8613993125077
+8613735509695
+8613143751914
+8613310982806
+8613989283338
+8613780605267
+8613146674601
+8613968229862
+8613987661762
+8613805728333
+8613816094040
+8613705700548
+8613950030405
+8613926111881
+8613607885156
+8613950199950
+8613695537812
+8613930319449
+8613520399986
+8613399157071
+8613877703634
+8613162210390
+8613682518886
+8613875879880
+8613670569984
+8613691276828
+8613858913888
+8613503046180
+8613678987654
+8613583811069
+8613705969535
+8613052758915
+8613470620773
+8613738628082
+8613644343515
+8613840552612
+8612886612456
+8613405032415
+8615990112088
+8613055202926
+8613659849399
+8613815059692
+8613837508468
+8613955058929
+8613313176860
+8613505893006
+8613931756558
+8613804527594
+8613793600863
+8613919819836
+8615852272227
+8613007423678
+8613679252864
+8613266704696
+8613706923160
+8613911382924
+8615915093326
+8613846636019
+8615977941968
+8613661027604
+8613321686333
+8664021981226
+8613801312477
+8613223138280
+8613890697222
+8613951013546
+8613957520165
+8615918523815
+8613388777599
+8613761702981
+8613962670087
+8613185246191
+8615914302293
+8613711763399
+8613458793404
+8613963972697
+8615963868788
+8613122858096
+8613511018663
+8613940298170
+8613817238381
+8613925131996
+8613307118625
+8613396594882
+8613197151582
+8613241854870
+8613176926575
+8613601178992
+8613930297956
+8613867063348
+8613403792350
+8613660431243
+8613705226868
+8613357521527
+8613477131080
+8613107458429
+8613701263670
+8613938107118
+8613998508955
+8613988514388
+8613773906971
+8613025950998
+8613332456767
+8613982126006
+8613328696716
+8613966670228
+8613807167395
+8613676193295
+8613803386900
+8613881036611
+8613622659366
+8615870696519
+8613671983897
+8613804572057
+8613316838366
+8613164223906
+8613728293019
+8613899083379
+8613301716589
+8613925134591
+8613828735976
+8613244701346
+8613609884178
+8615900904836
+8613790187008
+8613903035846
+8613151060616
+8613914113901
+8613095680075
+8613969180359
+8613438209857
+8613802118204
+8613844569395
+8613955325328
+8613692017812
+8613106214228
+8613386237607
+8613693821368
+8613222223333
+8613305608598
+8613858738881
+8613786972432
+8613520080368
+8613609157825
+8613959299593
+8613719084378
+8613928288166
+8613181730170
+8613959233593
+8613675295279
+8613089773007
+8613313335230
+8613787211690
+8613709586626
+8613902372938
+8613982794138
+8613157397550
+8613992372270
+8613873357132
+8613923215522
+8613873574544
+8613798295777
+8613822248152
+8613994303090
+8613929450213
+8613980781781
+8613952399578
+8613861851500
+8613836290528
+8613564000418
+8613974607979
+8613907342245
+8613359276651
+8613535068127
+8613840255661
+8613787103288
+8613153518229
+8613081927399
+8613204072599
+8613832189295
+8613579034388
+8613052682668
+8613877116812
+8613502056217
+8613806760031
+8613871184017
+8613834852434
+8613113668888
+8613957345077
+8613878468920
+8613796147852
+8613817346969
+8613183213682
+8613815926202
+8613354040480
+8613504849076
+8613508381665
+8613706731857
+8613964067108
+8613236632095
+8613565450124
+8613889509440
+8615999350055
+8613693622759
+8613856477078
+8613951620635
+8613770543723
+8613971336761
+8613573462766
+8613944815503
+8613575604085
+8613363907930
+8613196417526
+8613906126030
+8613858858578
+8613637446600
+8613621937370
+8613808967645
+8613815070898
+8613881397100
+8615931594290
+8613017718800
+8613883345699
+8613770092558
+8613808411322
+8613805219380
+8613879603098
+8613317451999
+8613218172843
+8610009090980
+8613005098078
+8613364547117
+8613990330267
+8613596988745
+8613105292710
+8613990330330
+8613001994470
+8613824589406
+8613018986688
+8613866648543
+8613677477001
+8613835065445
+8613822605575
+8613082408223
+8613709999193
+8613902912693
+8613912230200
+8613486568040
+8613719381192
+8613245125236
+8613609360458
+8613826380616
+8613173309999
+8613530888600
+8613566398520
+8613621873244
+8613566620178
+8613899306806
+8613601894830
+8613088000548
+8613823756658
+8613573512315
+8613565149061
+8613813187727
+8613755011568
+8613934898689
+8613986994445
+8615923542032
+8613501147882
+8613952448016
+8613972577706
+8613806329883
+8613307861919
+8613216261766
+8613873081853
+8613014137640
+8613910339766
+8613509889905
+8613317316861
+8613042171180
+8613916110218
+8613709846195
+8613642638285
+8613572612012
+8613606626102
+8613293070817
+8613414555819
+8613814065973
+8613555635488
+8613933536199
+8613909219656
+8613053546564
+8613847223247
+8613723734739
+8613381904230
+8613540979136
+8613795445977
+8613566735809
+8613083676107
+8613819388876
+8613002820503
+8613835175161
+8613524251183
+8613871005730
+8613395117095
+8613526331577
+8613596157902
+8613506605062
+8613012595509
+8615952445466
+8613805872526
+8613937998168
+8613622534993
+8613870938668
+8613705384899
+8613755243277
+8613844737101
+8613991023623
+8613112688888
+8613818589070
+8613625182538
+8613937750079
+8613908258481
+8613668822087
+8613567890018
+8613996910007
+8615318629055
+8613619170990
+8613839001439
+8613806724805
+8615902706357
+8613956181389
+8613470508245
+8613380323787
+8613476147117
+8613574985909
+8613332222948
+8613061035195
+8613061035196
+8613250967135
+8613600173980
+8613465573415
+8613320916804
+8613054744775
+8613416679910
+8613707929451
+8613530585750
+8613358181829
+8613302431239
+8613926205203
+8613803292009
+8613589663001
+8613823612621
+8613501881150
+8613906523390
+8613022193183
+8613777394123
+8613805639589
+8613510613922
+8613976897591
+8613880539620
+8613668760963
+8613651853635
+8613222222233
+8615948384861
+8613301028507
+8613693832800
+8613141455331
+8613088093118
+8613777046960
+8613983889096
+8613838288704
+8613929009898
+8613978418271
+8613874828272
+8613362949528
+8613910008353
+8613537776645
+8615319619528
+8613935161528
+8613504061460
+8613178646970
+8613693305983
+8613525823688
+8613538525093
+8613590513313
+8613553513612
+8613910419342
+8613767991018
+8613355323507
+8613861839029
+8613544342523
+8613890981402
+8613311959965
+8613508988822
+8615861292529
+8613186414760
+8613570772927
+8613318802585
+8613308017666
+8613879921656
+8613259411505
+8613607842005
+8613607840907
+8613708403872
+8613092216183
+8613825553751
+8613818926271
+8613434460497
+8613525213868
+8613661102644
+8613957999398
+8613316618303
+8613199898369
+8613603540091
+8613903262222
+8613067906951
+8613886258123
+8613928513557
+8613524081046
+8613586004788
+8615950358855
+8613924231166
+8615937065949
+8613645510035
+8613666236350
+8613795399591
+8613485099158
+8613530106723
+8613999817328
+8613300589745
+8613950163311
+8613083986881
+8613276991249
+8613969775799
+8613953412258
+8612346012315
+8613918028688
+8615834056793
+8613476821499
+8613965161928
+8613922519892
+8615907775548
+8613058089803
+8613632348040
+8613651965917
+8613884462976
+8613410494486
+8613916385065
+8615305136158
+8613902563315
+8613764520985
+8613336254800
+8613380048825
+8615902278665
+8613805928659
+8613465780987
+8613062505056
+8613635116067
+8613960915903
+8613849717487
+8613801635650
+8613952866345
+8613111686811
+8613954673756
+8613805599081
+8615947722349
+8613207979058
+8613386240667
+8613500778899
+8613324290801
+8613280923311
+8613821273691
+8613433152048
+8613905858502
+8613938965269
+8613972081092
+8615986617668
+8613986388368
+8613912693909
+8613609668943
+8613608308740
+8613651511928
+8613841560145
+8613307908396
+8613518761912
+8613861069900
+8613275644117
+8613073607737
+8613540323211
+8613960856508
+8613275644118
+8613695320200
+8613682239168
+8613921725918
+8613660265152
+8613944817953
+8613735560315
+8613524290860
+8613945817486
+8613882727028
+8613641442533
+8613506441132
+8613317887988
+8613508252979
+8613906247116
+8613017729408
+8615837930188
+8613818388383
+8613635795695
+8613890888007
+8613216631158
+8613600901149
+8613928669128
+8613859008933
+8615986849934
+8613924618568
+8613502024999
+8613612672703
+8613726613102
+8613827527838
+8613550618299
+8613974679968
+8613098832867
+8613246662192
+8613909938221
+8613098832887
+8613572310389
+8615308653833
+8613808469828
+8613306028586
+8613801253583
+8613665309603
+8613825481183
+8613871211939
+8613759481593
+8613212718742
+8613503718458
+8613868255601
+8613579633310
+8613802502203
+8613823831802
+8613439574314
+8613914023003
+8613760259019
+8613666897799
+8613076974046
+8613972018045
+8613905718585
+8613705950777
+8613999520784
+8613904715298
+8613305543063
+8613058734732
+8615902912483
+8613631598438
+8615821116195
+8613843183790
+8613850235589
+8613805502529
+8613819409294
+8613606901967
+8613877903199
+8613515357508
+8613089288686
+8613685254450
+8613161633411
+8613504177775
+8647567891234
+8617567891234
+8613161633414
+8613113145981
+8613975895965
+8613975336811
+8613060119333
+8613695475975
+8613588703116
+8613625753192
+8613575310500
+8613321869226
+8613545570151
+8613775487271
+8613730440288
+8615933401938
+8613545570209
+8613782288675
+8613017302225
+8613327402527
+8613582827976
+8613559576987
+8613849772479
+8613685616975
+8613857847512
+8613508486167
+8613834166633
+8613564502155
+8613709607540
+8613551232995
+8613985407666
+8613815112155
+8613032101081
+8615986873560
+8613320338311
+8613651905586
+8613702423453
+8613600966313
+8613673026785
+8613912624150
+8613203964676
+8613973741667
+8613855547064
+8613955136635
+8613716769096
+8613763873646
+8613361498360
+8613545636998
+8613241670693
+8613896476868
+861324
+8613913992390
+8618844398576
+8613635264342
+8613893679083
+8613845090993
+8613795918919
+8613689584001
+8613551386282
+8613293737387
+8613247607079
+8613525638992
+8613855968706
+8613924036259
+8613008167156
+8615917215602
+8613689026885
+8613970582985
+8613502957078
+8613599365196
+8613862408756
+8613698986098
+8613606631499
+8613907910291
+8613451035874
+8613828211888
+8613605812894
+8613573253517
+8613898366557
+8613844052966
+8613588239311
+8613862225778
+8613641710718
+8613515137598
+8613357053563
+8615920860637
+8613031721518
+8613805338480
+8613903504567
+8613655135514
+8615808715840
+8613651143637
+8613921782739
+8613967541899
+8613833022226
+8613965622908
+8613961984256
+8613810642392
+8613801954728
+8613136800606
+8613461190126
+8615836302048
+8613662652418
+8613925207978
+8613705290776
+8613043050356
+8615995213336
+8613922033822
+8613916701053
+8613427936319
+8613996776799
+8613919283346
+8613783859733
+8613381743690
+8613906016477
+8613901528266
+8613888039385
+8613435941010
+8613707472996
+8613832151016
+8613891576856
+8613527883316
+8613658891582
+8613513513975
+8613261800905
+8613950185859
+8613706813888
+8613096401764
+8615923604688
+8613972884848
+8613501998171
+8613286522121
+8613969805070
+8613173039612
+8613917216863
+8613881902885
+8613612435639
+8613957523956
+8613937426869
+8613683411517
+8613203728787
+8603513452605
+8613841769150
+8613690387823
+8613543513368
+8613613884580
+8613556028024
+8613681505645
+8613376739523
+8613270042898
+8613910567835
+8613437126122
+8613973174913
+8613546868473
+8613929000066
+8613777389978
+8613005431648
+8613622527899
+8613671611409
+8613616539331
+8613566723284
+8613503731403
+8613386174299
+8613723726672
+8613813395202
+8613605290822
+8615807563214
+8613510081045
+8613712702245
+8613011625310
+8613415946801
+8613986710190
+8613588807270
+8615993519666
+8613427365567
+8613978377528
+8613382385202
+8613819725909
+8613837196241
+8613699215799
+8613507170180
+8613376717291
+8613058112717
+8613556663479
+8613906849112
+8613806696678
+8613866122412
+8613454518613
+8613732144032
+8613317832880
+8613543332970
+8613630107189
+8613517797050
+8613875748010
+8613505199488
+8613861236225
+8613928118733
+8613917643566
+8613999995277
+8613501632969
+8615951835708
+8613319515228
+8613857063797
+8613641243757
+8613581309018
+8613971903458
+8613517242557
+8613879902300
+8613501943393
+8613057722239
+8613270518889
+8613858537791
+8613310882061
+8613007882856
+8613906715832
+8613723339585
+8613617218127
+8613622354082
+8613332335227
+8613712120822
+8613780625496
+8613699719662
+8613729887192
+8613505562162
+8613505631196
+8613982736667
+8613891082863
+8613332222892
+8613709471248
+8613575911445
+8613297572699
+8613602640146
+8613810254839
+8613482207573
+8613367550907
+8613009801022
+8613322820183
+8613860089090
+8613385546272
+8613960936882
+8613500749609
+8613811331253
+8613114088887
+8613317720848
+8613603260833
+8613902966008
+8613182955786
+8613205581311
+8615861098836
+8613867547220
+8613017321685
+8613849373918
+8613606026733
+8613820191234
+8613882120843
+8613701017794
+8613837086666
+8613066039314
+8613791127969
+8613702921246
+8613917376257
+8613803118587
+8613903503608
+8613549460272
+8613860124888
+8613873631632
+8613702251997
+8613331832323
+8613301633558
+8613096128099
+8613877588326
+8613927522228
+8613019450471
+8613211107348
+8613458985987
+8613088999363
+8613977395159
+8613872630522
+8613872832717
+8613872103275
+8613928926795
+8612705812727
+8613896195636
+8613803334585
+8613003511292
+8613042126749
+8613763360172
+8613611328248
+8613826045081
+8613891743948
+8682683857
+8613656648408
+8613632759786
+8613810002287
+8613839037071
+8613833959680
+8613567618480
+8613820151631
+8613771558581
+8613913969217
+8613963457958
+8613863975566
+8613817958177
+8613979431961
+8613067432304
+8613006104987
+8613486561667
+8613915284128
+8613633075187
+8613601297409
+8613412981888
+8613486955235
+8613962735633
+8613591200067
+8613614451138
+8613556971526
+8613509104968
+8613811878784
+8613875062141
+8613601842038
+8613323847147
+8613588357728
+8613806581269
+8613825937083
+8613802954883
+8613336288288
+8613339588168
+8613622306151
+8613701458258
+8613999283351
+8613967335084
+8613958118587
+8613086002890
+8613916483138
+8613616165221
+8613908150000
+8613574680101
+8613105353132
+8615902335299
+8613939827708
+8613703375488
+8613906798114
+8615821740201
+8613421724072
+8613628633887
+8613864095192
+8613858775102
+8613602318055
+8613505281151
+8613510115979
+8613102885050
+8613967298653
+8613540908328
+8613908141361
+8613916913090
+8613902945851
+8613581881831
+8613968162086
+8613945890715
+8615970675925
+8613795333291
+8615940652926
+8613171884790
+8613564766976
+8613887366804
+8613507344535
+8613696396557
+8613732644550
+8613304081988
+8613915599758
+8613803468835
+8613330186397
+8613602332853
+8613308369111
+8613506596388
+8615855103127
+8613514521250
+8613213800973
+8613573119686
+8613081208062
+8613957004085
+8613522478153
+8613917186333
+8613567667619
+8613888888889
+8613618044984
+8613584625753
+8613259411520
+8613075326238
+8613121283573
+8613961880166
+8613984341122
+8613377352996
+8613099505273
+8613894808237
+8613950481196
+8613380335200
+8613814887808
+8613653867792
+8613119410950
+8613953153592
+8613978329837
+8613097976666
+8613902015348
+8613590797387
+8613803523283
+8613606813526
+8613347605886
+8613817888917
+8613709829959
+8613915794882
+8613321136057
+8613473193888
+8613958132660
+8613802747451
+8613759607699
+8615980979277
+8613881432249
+8613730605137
+8613647605828
+8613962790025
+8613957771561
+8613016603006
+8613354855267
+8613782927643
+8613011317621
+8613965223917
+8612700290805
+8613700290805
+8613509629300
+8613305317508
+8613985757107
+8613946142414
+8613658688879
+8613806322496
+8613801625072
+8613903752270
+8613568009708
+8615850744792
+8613928469739
+8613808115205
+8613774462222
+8613111061331
+8613020114499
+8613777806810
+8613055998282
+868562717
+8613552504906
+8613610059688
+8613907453204
+8613906239010
+8613709469952
+8613078518619
+8613460398993
+8613662236550
+8613810157520
+8613860768188
+8613925216636
+8613429382998
+8613683275515
+8613501877610
+8613957639581
+8613705123732
+8613772480010
+8613598353616
+8613851012168
+8613013804083
+8613216111129
+8613942894186
+8613216477007
+8613459275933
+8613735505123
+8613292373349
+8613560106399
+8613808527680
+8613952133129
+8613921678889
+8613301661018
+8613513869310
+8615817284324
+8613565516006
+8613601943378
+8613197259197
+8615827121418
+8613501719199
+8613971691234
+8613952369319
+8613873382232
+8613685821299
+8613530914179
+8615908003188
+8613869391411
+8613507860101
+8613705742059
+8613869391410
+8613955890788
+8613164832639
+8613878104191
+8615915553653
+8613564038089
+8613548925829
+8613198246028
+8613806131259
+8613355222052
+8613706508498
+8613067779700
+8613575533098
+8613001731919
+8613146782583
+8613823456188
+8613252230880
+8613207350058
+8613434187223
+8613697654071
+8613349692563
+8613910900399
+8615975446247
+8615968182538
+8613730684476
+8613012507339
+8613574177888
+8613805018966
+8613112677488
+8615993837657
+8613956081591
+8613970409072
+8613314191111
+8613940053544
+8613941938615
+8613760857755
+8613603856980
+8613816450327
+8613801674398
+8613173876153
+8613278844406
+8613587035405
+8613801806788
+8613907103530
+8613056280213
+8615926386092
+8613095858955
+8613066577407
+8613986782735
+8613067770592
+8613371898976
+8613830797866
+8613608430641
+8615966600111
+8615970792858
+8613610002898
+8613951374777
+8613808281320
+8613776606791
+8613901947928
+8613182826127
+8613157149451
+8613260527788
+8613931224079
+8613662396550
+8613581903829
+8613366075225
+8613377929828
+8613228611216
+8613813881899
+8613656022645
+8613773076676
+8613510120232
+8613482335221
+8613851299138
+8613694536665
+8613958693993
+8613600161448
+8613619012452
+8613842710025
+8613322634902
+8615810316992
+8613320316865
+8613605696732
+8613711500138
+8613713958441
+8613609280388
+8613601213514
+8613168757511
+8613521270321
+8613621880101
+8613227507377
+8613762580722
+8613605566022
+8613826489745
+8613317457999
+8613082848633
+8613158286495
+8613583318043
+8613515597078
+8613867365347
+8613570238549
+8615975622155
+8613852676088
+8613924286852
+8613335997717
+8613694221420
+8613901701222
+8613808811322
+8613986134018
+8613836970699
+8613824460968
+8613209473773
+8613989198666
+8613961396051
+8613593254066
+8613969139977
+8613823335811
+8613631494943
+8613478378228
+8613375717633
+8613458927001
+8613418142869
+8613802023418
+8613485355619
+8613601317009
+8615900778266
+8613358726471
+8613101588053
+8613576889588
+8613353190126
+8613329905519
+8613915246891
+8613936692344
+8613720129990
+8613863284419
+8613945175205
+8613817723859
+8613675777598
+861395586587
+8613955565416
+8613404589282
+8613956397848
+8613507169700
+8613902935866
+8613925832926
+8613927706986
+8613886213299
+8613602668740
+8613580606693
+8613798387600
+8613812117280
+8613175404133
+8613700060256
+8688558787
+8613989595866
+8613775578868
+8613042759781
+8613095829815
+8613583240150
+8613591911080
+8613599187558
+8613962636160
+8613668093558
+8613812199790
+8613646237369
+8613347475055
+8613570199969
+8613607359484
+8611432144534
+8613795450620
+8613068084646
+8613731200199
+8613510641838
+8613600923072
+8613044122125
+8613035638993
+8613813286658
+8613220693892
+8613873390308
+8613903513390
+8613341036036
+8613332337858
+8613622668080
+8613805599181
+8613313484600
+8613903285686
+8613651802749
+8613668129372
+8615936486866
+8613342884235
+8613771410871
+8613205181990
+8613985435855
+8613519903464
+8613504468139
+8615958238270
+8613533866996
+8613833135936
+8613133131313
+8613177269818
+8613702733664
+8613994301316
+8613760119000
+8613915939872
+8613949703866
+8613724269696
+8613931262025
+8615946979203
+8613112268486
+8613118282539
+8613815380151
+8615983497431
+8613891620393
+8613210136828
+8613601622880
+8613304690897
+8613661586588
+8613199262068
+8613764650948
+8613182710858
+8613572504217
+8613851113777
+8613865942378
+8613826439375
+8613560610805
+8615920905866
+8613307278093
+8615951207986
+8613503721537
+8613504737483
+8613466462409
+8613865076248
+8613402836318
+8613927008836
+8613502691981
+8613775589803
+8613795578821
+8613894651987
+8613982357698
+8613522690144
+8613223552746
+8613106740369
+8613363453390
+8613909365370
+8613330203699
+8613912961629
+8613972014898
+8613868010968
+8613561532169
+8613817361340
+8612886862882
+8613390759922
+8613863977160
+8613768951379
+8613906964860
+8613411284837
+8613879651818
+8613625388766
+8613225109659
+8613172628701
+8613602309330
+8613579631298
+8613995500370
+8613650197997
+8613951795025
+8613737393578
+8613609616761
+8613799950106
+8613671892211
+8613829205719
+8613974208643
+8613154041080
+8613582722861
+8613538067335
