+8608178383888
+8613903344371
+8613625803119
+860285482321
+8613171899633
+8613616209050
+8613691928562
+8612345678912
+8613705812727
+8601022669988
+8613934330940
+8613522558575
+8603518503938
+8613776680560
+8613974790079
+8607928861318
+8613789865736
+8613952525200
+8613523984300
+8613939125655
+86057388414823
+8605338182568
+8613833192857
+8613110461811
+8605722121458
+8613339956060
+8613463606158
+8613524461373
+8612343532341
+8613821158221
+8613381675057
+8602127805138
+8613146699830
+8613535833926
+8613552598539
+8613986042838
+8613530936858
+8613764118448
+8613380224959
+8613810916799
+8613132550078
+8613723887666
+8613699003367
+8613904642658
+86076984997047
+8613822042967
+8613622622377
+8605513628842
+8613998362597
+8612345123456
+8613268574518
+8613605695170
+8613770649452
+861359280030
+8602088278946
+8613922512265
+8607692257038
+8613710880163
+8613700002305
+8613941123398
+8602366237514
+8613788862660
+8613180825050
+8613502686994
+8613956278765
+86059224681789
+8613969660830
+8615830218795
+8613913789993
+86076986132388
+8613905281221
+8613887012856
+8613517351123
+8613989136788
+8613913826165
+8613724603218
+8607366308123
+8608332981919
+8613901738797
+8613355376129
+8605433861040
+8605768511918
+8612312042130
+8613980569906
+86051266337708
+8603732242518
+8613826314183
+86051260639622
+8615953767679
+8613946082919
+8613763139609
+8613513893894
+8613811355488
+8613057056828
+8613910521925
+8613560099452
+8613711669610
+86076921225448
+8613311391768
+8613508130203
+8613960941005
+8605197671999
+8613966663405
+8613124996793
+86051483104173
+8613700777556
+8613367003549
+8613910795562
+86075581538719
+8613858311661
+8613982128833
+8615869079231
+8613332820646
+8613860137833
+8613981329074
+8602288381665
+8613878038855
+86051251111189
+8613510211011
+8613121693944
+8613055442965
+8615965366536
+8613554189384
+8613987272335
+8613415697715
+8613812652886
+8613383839001
+8613812800154
+8613502883750
+8613505849349
+8613556012536
+8605988888888
+8613824051990
+8613601638330
+8613579796630
+8613901133607
+8613318987498
+8613764466162
+8613880893919
+8613642009019
+8613057001853
+8613901857066
+8613869847579
+8613381368779
+8613889789057
+8613626238315
+8613579521407
+8613596967368
+8613618572303
+8613927224651
+8613266121231
+8613959085850
+8613227106440
+8613890401555
+8613933730094
+8613935128393
+8615883527976
+8613714681188
+8613858908316
+8613636313149
+8613925750200
+8615979923105
+8613725319098
+868686289
+8613806261185
+8613093087966
+8613857586192
+8613507384545
+8613612609802
+8615830025158
+8613928244007
+8613629172523
+8613302985979
+8613366031898
+8613602541986
+8613862300871
+8613869257118
+8613632513642
+8613757167217
+8613615103086
+861463268565
+8613757140981
+8613596110397
+8613630222685
+8613166255288
+8613056395529
+8613962303158
+8613971706792
+8613678001655
+8613831466599
+8613477635099
+8613384920768
+8613372883689
+8613124243005
+8613088226201
+8613574078077
+8613674334933
+8613957972192
+8613088226202
+8613934041515
+8613917126057
+8613975611546
+8613810836994
+8613896344272
+8613950867330
+8613292996731
+8613822306190
+8613516212255
+8615938061678
+8613275743599
+8612133113131
+8613605727326
+8613515489036
+8613960023456
+8613754196397
+8613833288601
+8613952670158
+8613565336880
+8613968375008
+8615992363903
+8613395805059
+8613653766786
+8613650144618
+8613395517082
+8613464801157
+8613610031982
+8613014119806
+8613799772380
+8615956553817
+8613771591862
+8613917244368
+8613967131068
+8613872531763
+8613857053844
+8605798228711
+8613061787781
+8613554980469
+8615928074493
+8613880913653
+8613014992316
+8613770027708
+8613576955866
+8613817570312
+8613615852858
+8613858095556
+8613910221056
+8613605206662
+8613983970733
+8605613882796
+8613019639015
+8613817940934
+8613664998778
+8613645610385
+8613973319866
+8615972099998
+8613812090802
+8613757002149
+8613501328892
+8613307016388
+8613674206505
+8613907010113
+8613028485975
+8613507968939
+8613726368154
+8613951112467
+8613895638650
+8613562073578
+8613690348288
+8613753591275
+8613189289128
+8613311038859
+8613925273197
+8613805137962
+8613479810319
+8613725213603
+8613305529287
+8613701962415
+8613978890223
+8613369116736
+8613519795436
+8613998658862
+8613506315007
+8613681505226
+8613269431988
+8613601502089
+8613106421928
+8615982938660
+8613991195697
+8613704670759
+8613705302823
+8613857082848
+8613763455550
+8613651897594
+8613822139020
+8613535180613
+860599788708
+8613830337184
+8613411112222
+8615919994163
+8615942630107
+8613839223361
+8613501110903
+86541106
+8613660023105
+8613683257941
+8613079530509
+8612365478985
+8613970965960
+8613817693964
+8613915362833
+8615999732336
+8613901604606
+8613684413016
+8613651592208
+8613501290335
+8613771108802
+8613948889828
+8613906300351
+8613651999617
+8613237191595
+8613501057315
+8613959874748
+8613628066979
+8613209489316
+8613651901935
+8613672984073
+8607606377196
+866377196
+8613402134389
+8613805039986
+8613435046182
+8613803757810
+8613605232002
+8613934186816
+8613806290337
+8613706508355
+8615975588462
+8613990095801
+8613764505143
+8613773698948
+8613991800098
+867789885
+8613693126629
+8613994299299
+8613635172118
+8613708886568
+8615960954677
+8613956515260
+8613918562223
+8613068439625
+861909249803
+8613705911149
+8613994232525
+8613701697151
+8613701368950
+8613602536981
+8613543258580
+8613553106789
+8613883330273
+8613559205831
+8615300201830
+8613316639738
+8613926876282
+868830986
+8613097890168
+8613724333102
+8613215917339
+8613935222132
+8613803492065
+8613978356831
+8615921130867
+8613911596018
+8613930836280
+8613001832347
+8613712122918
+8613646688372
+860335-725883
+8613808081838
+860335725883
+8613371512952
+8613845805919
+8613012188489
+8613721159399
+8613097216588
+8613809320339
+8613096687083
+8613153171711
+8613968270707
+8613878528555
+8616302633248
+8613333935387
+8613510515333
+8602081842905
+8613631370671
+8613921630697
+8613626506911
+8613508209689
+8613867800698
+8613977618180
+8613091484518
+860775-698789
+8613798545796
+8613520309597
+8613819069076
+8613811930318
+8613701095765
+8615995926874
+8613238304565
+8613850633628
+8613825380508
+8602981939252
+8615988465781
+8613858196829
+8613886184388
+8613857159552
+8613601636308
+8613807882801
+8613902942159
+8613801323200
+8613551606919
+8613751079108
+8613510452207
+8613672850817
+8613592912998
+8613861827211
+8613543241695
+8613008319519
+8615952275228
+8613621779736
+8615971568916
+8613543932668
+8613510322768
+8615871568916
+8613358363456
+8613853738578
+8613238389837
+8613168847973
+8613577119307
+8613726940198
+8613911250223
+8613519322768
+8613807222456
+8613770366666
+8613225309978
+8613959011930
+8614627867867
+8613893198627
+8613971233220
+8613974964604
+8613902836603
+8613579506510
+8613650878181
+8613332881095
+8613820281717
+8613502106390
+8613660074060
+8613941644459
+8613850697815
+8613601006803
+8613602721828
+8613705517193
+8613871996796
+8613618621015
+8613879190746
+8613861323986
+8613944724299
+8615945492258
+8613630699524
+8613592271610
+8613902440298
+8613651270344
+8613915215128
+8613930170788
+8615839871126
+8602880669876
+8613906030036
+8613958702333
+8613942026626
+8613361588209
+8613704948420
+8613360588209
+8613901092314
+8613563719049
+8613956422312
+8613805828718
+8613611181552
+8613819777216
+8613565215546
+8613764296498
+8613322940099
+8613701975194
+8613146233669
+8613097832911
+8613857908316
+8613513453022
+8613615836130
+8613814221180
+8613978835855
+8613849132081
+8613991255289
+8613708336873
+8613905748543
+8613692125526
+8613368385566
+8613381985918
+8613605811413
+8613954304386
+8613482140984
+8613904450218
+8613860071668
+8613688865850
+8613783322922
+8613973417123
+8613612593618
+8613903741141
+8613711483667
+8613612583618
+8613977283941
+8613355268896
+8605928841471
+8613569333289
+8613452421181
+8613971237056
+8613902842704
+8613336639505
+8613800000008
+8613712701275
+8615864754478
+8613928521160
+8613850650551
+8613925926628
+8613959054704
+8613970093232
+8613999630616
+8613932100738
+8613714007023
+8613931889999
+8613905678369
+8613480217120
+8613862565285
+8613302068205
+8613711114642
+8613568848882
+8613970719841
+8613561477918
+8613247622761
+8613247622768
+8613420950027
+8613944523330
+8613637052005
+8613602081398
+8613556020868
+8613623855987
+8613562555789
+8611320948931
+8613644830115
+8613764284555
+8613509295465
+8613931731228
+8613809002526
+8613069998266
+8613560376176
+8613780989665
+8613760071621
+8613668645527
+8613409600905
+8613723594658
+8602085558758
+8613007013590
+8613712160522
+8613093724264
+8613535456083
+8613706591916
+8615879125581
+8613024587766
+8613883424649
+8613478880029
+8613485313907
+8613072230152
+8613364797372
+8613075889919
+8613636673452
+8613909234508
+8613962153891
+8613770266338
+8613004320076
+8613178595814
+8613815839599
+8613032563751
+8613711198814
+8613957005808
+8613689536991
+8615961937563
+8613781445169
+8613652538298
+8613566957004
+8613901588870
+8613548952618
+8613778106997
+8613654454138
+8613823664803
+8613480471236
+8613096548489
+8613033204864
+8613700124388
+8613610402666
+8613088088737
+8613505517807
+8613158509770
+8613539313525
+8613827936993
+8613958999917
+8613355337936
+8613309113000
+8613902205489
+8613832982535
+8615827088498
+8602585509561
+8613969164733
+8613951609178
+8613873361312
+8613198185310
+8613890356662
+8613903521280
+8613650228280
+8613507310000
+8613346078923
+8613812099980
+8613567990818
+8613575453359
+8602889859074
+8613854916639
+8613906937316
+8613453467717
+8613977586576
+8613956490130
+8613519850010
+8613981602018
+8613513033897
+8613859683588
+8613571183456
+8613509320578
+8613825202615
+8613511188343
+8613678633448
+8613656765681
+8602289319875
+8613056581088
+8613186514396
+8613175719315
+8613007208827
+8603122210307
+8613954505172
+8613696381465
+8613655246030
+8613697856406
+8613330189722
+8615854823047
+8613955156125
+8613728517823
+8613906504449
+8613118091928
+8613906514449
+8613757157284
+8613702918230
+8613944529666
+8613870016909
+8613906564161
+8613058672819
+8613825248647
+8613383978168
+8613932584925
+8613409715343
+8613325435562
+8613411099351
+8613027341983
+8615976597095
+8613668972081
+8613183786985
+8613661498892
+8613357086161
+8613957363543
+8613693591579
+8613323130380
+8613779785998
+8613986869356
+8602889162578
+8603192222222
+8613828888511
+8613668071491
+8613874820978
+8613860930081
+8613629533646
+8615921556589
+8613920068964
+8605922275963
+8607712682857
+8613853849828
+8613958150651
+86057985112210
+8613800594100
+8613859912333
+8613960690619
+8613805343482
+8602886013427
+8613076871542
+8613852709622
+8613071803641
+8613761435176
+8607552360696
+8615945019265
+8615913788338
+8615945307097
+8613802372483
+8613599756543
+8613917934177
+8613730265238
+8613071399525
+86057383357617
+8613802928331
+8613248056761
+8613607476475
+86051288233520
+8608716470338
+8613913188646
+8613064688080
+86076983938635
+86051388466550
+86076983397503
+8615999502298
+86051482228798
+8613930417788
+8613854106890
+8613280976816
+86057783954024
+8613093199196
+8613430852784
+86013973940646
+8607512335926
+8613706885675
+8613502299825
+8613605203330
+8613082998989
+8613188667271
+8607758858650
+8613874777766
+8613708392192
+8613517490276
+8613209261164
+8613808065899
+8613619677332
+8613357955858
+8613941991005
+8613205951726
+8613964905519
+8613097007750
+86111222333444
+8603593399664
+8613373111801
+8608386858838
+8602982300357
+8604277825206
+8613979695492
+8613952612756
+8613671600827
+8605755888881
+8605663164328
+8607918752234
+861303613798
+868999733
+86057588512563
+860664558888
+8613382748866
+8613887029066
+8613398383408
+86075526834043
+8613561148787
+8615903960025
+8613311822896
+8605386513880
+8613510433725
+8613543081948
+8613942990861
+8615961790920
+8602031576510
+8603725202079
+8605585913999
+8613806855602
+8613910322301
+8613217979755
+8613321410118
+8613309656850
+8613718204227
+8613862779856
+86139012345678
+8613556399960
+8613096569543
+8613922273220
+8613937730147
+8613728369711
+8613309659902
+8613926016019
+8613770911845
+8603107012860
+8609932037088
+8613362468066
+8613183022559
+8613411155789
+86075783010082
+861590116333
+8607913803303
+8613307310311
+8613727843665
+8613507419763
+8613973667659
+8613835216431
+8613391770000
+8613470044489
+8613986177560
+8613798589700
+8613006955990
+8613086411717
+8613696949442
+8605927845335
+8613860130376
+8613701123740
+8615991461881
+8613802461262
+86051487110325
+8613381396586
+8607948700390
+8613702311365
+8613700898888
+8613004859100
+8613602887692
+8613979799123
+8613996493941
+8613615161049
+8615902826258
+8613868668676
+8613902454364
+8607508025019
+8613973327731
+8607315353488
+8613904059418
+8602889007629
+8613524158320
+8613928644182
+86075782381666
+8613902939152
+8613518085606
+8613817474786
+8615971674242
+8615807261456
+8613038689936
+8613873026777
+8613725040180
+8613178596182
+8613912598019
+8613178596183
+8613507434693
+8613826639273
+8615989369397
+8613837526869
+8613698000692
+8613532166894
+8613791699198
+8615952043112
+8613835899589
+8613326911110
+8613507077549
+8613518270153
+8613359591051
+8613451775502
+8613100148174
+8613609585862
+8613833710728
+8613907578896
+8613834643622
+8613979525853
+8613610340627
+8613359591211
+8613505284567
+8613679866042
+8613302038818
+8613602734651
+8613808997305
+8613434661313
+8613305182987
+8613861868902
+8613478917118
+8613887771616
+8613937457170
+8613556863764
+8613957126793
+8613376419122
+8613390276563
+8613939216918
+8615873963888
+8613942659092
+8615873983666
+8613939879805
+8613327210900
+8613842091562
+8613313154968
+8613583254789
+8613906658286
+8613820217236
+8613450552253
+8613519521426
+8613661873599
+8613911058183
+8613982579875
+8615905996030
+8613383381198
+8613901098888
+8613738069647
+8613818323242
+8613018185757
+8613018293355
+8613823756228
+8613355110457
+8613803442636
+8613666703636
+8613971108588
+8615991637588
+8666917032
+8613825500811
+8613038867621
+8613953270868
+8613661793955
+8615991666018
+8613377979719
+8613543435803
+8658850291
+8613955906969
+8613579902776
+8613695228367
+8605718389587
+8613704407263
+8613894898483
+8613830889312
+8613575687084
+8613864395877
+8613515918216
+8607145351700
+8613064382901
+8613333518221
+8613062237683
+8613982098808
+8613319577632
+8613135282524
+8613901681199
+8613326284071
+8613909695292
+8613451027666
+8613358334443
+8615319206585
+8613054800000
+8613501073741
+8613422714877
+8613057009568
+8613105925197
+8613970613243
+8613307310593
+8613809269487
+8613515911775
+8613960202619
+8613813529797
+8613878558080
+8613787784536
+860000000
+8615916833288
+8613396409596
+8613672926302
+8613713183198
+8613916890128
+8681412083
+8613188556798
+8613711661865
+8613926043760
+8613376093777
+8613802782315
+8613684621468
+8613770086709
+8613085584050
+8613937411801
+8613808003921
+8613414187171
+8613613016734
+8613983079290
+8613812291816
+8613510115002
+8613916891028
+8613753100511
+8613701681395
+8613935614222
+8613381219965
+8605318865585
+8613832080988
+8613333222232
+8613869170718
+8613506443232
+8615336789138
+8613728621910
+8613800013800
+861234567
+86放屁
+8613510705169
+8613532367295
+8613959839542
+8613502288647
+8613505976486
+8613608459582
+8613311139505
+8613676437321
+8613382836128
+8613707515362
+8613539993918
+8613589330458
+8613923798454
+8613032426493
+8605205660339
+8615308608378
+8613942872868
+8613101830118
+8613667630168
+8613688896957
+8613702232866
+8613983291709
+8613802636120
+8613567791179
+8613153013289
+8613867957001
+8613572061980
+8613667309325
+8613626348787
+8613733480059
+8613927322933
+8613373784229
+8613512801471
+8613611777925
+8607756987898
+8613901922195
+8613902578901
+8613971723974
+8613011545505
+8613305027229
+8613806008153
+8613936286559
+8613060273000
+8613714748922
+8613381926635
+8613705807592
+8613500249088
+8613630401521
+8613642941881
+8613716816579
+8613987167610
+8613974903758
+8613560756500
+8613914801698
+8613656789987
+8613066372961
+8613858050692
+8613910395999
+8613456439879
+8613306919173
+8613858069529
+8613796121161
+8613772493626
+8613920131955
+8613082518399
+8613823565372
+8613654011319
+8613600004288
+8613874373749
+8613991916288
+8613890911438
+8613308487866
+8613594826446
+8613503828768
+8613626456392
+8605918356315
+8613785161058
+8613531408622
+8659524883289
+8613963582644
+8613571386344
+8613841959522
+8613706751167
+8613641669920
+8613812610815
+8613971009528
+8613306248311
+8613600471060
+8613032221000
+8613652706086
+8615986064192
+8613789873525
+8613375894612
+8613402077243
+8613355115802
+8613586515021
+8613077580666
+8613701069513
+8615936617911
+8613033993922
+8613078048222
+8613350400723
+8613547052636
+8613364477879
+8613304480038
+8613831317795
+8613906195416
+8613806083366
+8613861097683
+8613866502205
+8613776943492
+8613516958483
+8613705668256
+8613970853155
+8613857997885
+8613539858485
+8613757968698
+8613316212930
+8613500512300
+8613379086434
+8613998385148
+8613995944889
+8613938011786
+8613388995335
+8613609713771
+8613973879930
+8613516817830
+8613853885594
+8613983811136
+8613130001028
+8613066754780
+8613240160009
+8613405719040
+8613983743808
+8613856607298
+8613702903958
+8613874747786
+8613777941139
+8613756544599
+8613660656629
+8613706658497
+8613611151556
+8613588060820
+8613305948333
+8613925056265
+8615972829989
+8613907491279
+8613046440306
+8613032332215
+8613794068376
+8613313231908
+8613956442005
+8613055756667
+8613031831738
+8613566808102
+8613770332540
+8613846011849
+8613821610846
+8613641142612
+86139
+8613861935558
+8602367336627
+8613758942900
+8613434610222
+8613715881122
+8613923029777
+8613971350269
+8613607950738
+8613058798778
+8615910654402
+8613905880556
+8613704093085
+8613905813811
+8613511590141
+8613801450516
+8613806642072
+8613922972328
+8613916498032
+86139156998127
+8613672980817
+8613431810205
+8613930338000
+8613016887882
+8613566781383
+8613719116002
+8613681956968
+8613616401638
+8607456622687
+860745-662268
+8613919116002
+8615955728190
+8613205915250
+8613607328650
+8613926005999
+8613822222209
+8613605346596
+8613851065469
+8613652015806
+8613513872731
+8613803110311
+8613953316925
+8613622638769
+8613917981769
+8613904441365
+8615974191311
+8613511663553
+8613037351058
+8613702976022
+8613907338544
+8613396684386
+8613768200258
+8613246637673
+8613534374074
+8613978360103
+8613817537901
+8607522429931
+8613825999838
+8613661683778
+8615988269698
+8613996913300
+8613503458888
+8613702914593
+8605738817303
+8613777530299
+8613971851959
+8613901051191
+8615315808650
+8613878521736
+8613439269123
+8613857818731
+8613162189718
+8613566566081
+8613537341257
+8615921389989
+8613699181113
+8613923082923
+8613401162172
+8613751163463
+8613107443348
+8613889088135
+8613327338702
+8613323388091
+8613956915647
+8613872236209
+8613808342990
+8613693828678
+8613618916145
+8613805299822
+8613962526771
+8613606628296
+8613513517915
+8613815126289
+8613654093038
+8613641093755
+8613982883665
+8613305390138
+8613622866692
+8613002279168
+8613967739569
+8613570667633
+8613821379929
+8613752659950
+8613360907778
+8613500939319
+8613806075959
+8613906016694
+8613566227687
+8613505060261
+8613838523622
+8613753188751
+8613869578989
+8613960306563
+8613831752361
+8613013681530
+8613152825522
+8613880061194
+8613050514488
+8613597341603
+8613808811340
+8613903777555
+8613199706050
+8613563723399
+8613631098852
+8613308730949
+8613607314589
+8613530875653
+8613881961841
+8613905719920
+8613873481787
+8613611881210
+8615802133178
+8613109972370
+8615850570887
+8613903129919
+8613343461426
+8613682658576
+8613682658575
+8613852914571
+8613707256841
+8613035641988
+8613908130748
+8613586237709
+8613800138800
+8613331883560
+8613995295551
+8613808385177
+8605238569155
+8613420285506
+8636835179
+8613691182355
+8613803100286
+8613805737759
+8613664260859
+8613939330173
+8613979416868
+8613603075650
+8613925133091
+8613905825637
+8613810424621
+8613259166163
+8613917058656
+8613567507635
+8613828689599
+8613074138123
+8613611425111
+8613567865567
+8613554900842
+8613911203614
+8613006209997
+8613387850439
+8613522196498
+8613922223333
+8613656009686
+8615914462892
+8633106808
+8613808153855
+8613622988244
+8613316965220
+8613595753848
+8613511926895
+8613901295175
+8613802406289
+8613602126912
+8613173898703
+8609918201484
+8615865701419
+8613879571852
+8615991349023
+8615823378698
+861399364
+8613729180820
+8613880878070
+8613919276253
+8613706603913
+8613564168778
+8613892031161
+8613946360699
+8613370121925
+8613567851255
+8613708001727
+8613100703868
+8613003526568
+8613974790570
+8613854728299
+8615866769151
+8613850794929
+8613899858016
+8613367578312
+8688057108
+8613522236588
+8613568851605
+8613362325678
+8613679260186
+8613088071902
+8613701194661
+8613918633815
+8613600927269
+8613587392423
+8613902654324
+8613033914926
+8613873737643
+8615994226004
+8613891902944
+8613720830771
+8613348541733
+8613773775828
+8613974645694
+8613751277788
+8613873352019
+8613891821937
+8613802387793
+8613712225065
+8613655268899
+8613825259342
+8613908040876
+8613057612179
+8613515603138
+8613691718858
+8613406740743
+8613794359696
+8613612289146
+86037765579223
+8613960576636
+8613180266618
+8613507137279
+8613316686989
+8613049594321
+8613302808120
+8613785182968
+8613802749748
+8613879250073
+8613707196196
+8613769363616
+8615948379447
+8613987108782
+8613808698935
+8613002595555
+8613411177575
+8613681601469
+8613902362794
+8613902800910
+8613964864579
+8613889473790
+8613927434594
+8613760571197
+8613830920162
+8613528705970
+8613891918328
+8613936671311
+8613378558498
+8613710902614
+8613358857148
+8613719292661
+8613818454631
+8613301135158
+8613829266730
+8613953816708
+8613489010983
+8613794411363
+8613806209116
+8613586543797
+8613824362804
+8613615165596
+8613600445753
+8613506254808
+8613786338624
+8613969903119
+8613925087069
+8685222158
+8613705969995
+8613502851140
+8613687661608
+8613481182942
+8613552118203
+8613481146447
+8613031816685
+8613924755997
+8613973301358
+8613370099363
+8613916138198
+8613831695807
+8613191041851
+8613997500456
+8613886900609
+8613808177338
+8615903418690
+8613888517172
+8613573986369
+8613905729992
+8613812033693
+8613976286979
+8613480089791
+8613603415222
+8613908285339
+8615920582992
+8613550097167
+8613524899166
+8613773311588
+8683021182
+8613076123104
+8613878755496
+8613566699419
+8613668215538
+8613984272666
+8613906223061
+8613355921507
+8613984405482
+8613434482894
+8615870081622
+8613757405979
+8613307119398
+8613502278559
+8683810233
+8613018049447
+8613777072251
+8613731382627
+8613802735993
+8613944380012
+8613816811707
+8613631571306
+8613377879680
+8613569919660
+8687666655
+86135548022
+8613538880442
+8613570818688
+8613176991486
+8613050930990
+8613666695813
+8613616308971
+8615942852908
+8615854838110
+8613044100942
+8613905997088
+8613776054916
+8613003505610
+8613605799382
+8613812768256
+8613714693617
+8613179008063
+8613860644776
+8613937638466
+861317900863
+8613618214263
+8613951121050
+8613960460239
+8613820605612
+8613822783361
+8613969699830
+8615927239406
+8613417689972
+8613501281381
+8602366868370
+8613558810135
+8613452839352
+8613563390360
+8613716294841
+8613099589760
+8613871865252
+8613069222929
+8613487190000
+8613612962617
+8613161857316
+8613092416924
+8613551806185
+8613534074485
+8613957259966
+8615303635588
+8613078845213
+8613862959496
+8613603529661
+8613850089699
+8613600076252
+8613986211968
+8613983990843
+8613670109008
+8613035661853
+8613792318793
+8613801495877
+8613602454217
+8613506761730
+8613962273350
+8613413256149
+8613305208862
+8613902234764
+8613307200840
+8613345678909
+8613013088483
+8613770673412
+8613206147484
+8613715958987
+8613981867232
+8613005750537
+86029=8179256
+8613711258728
+8615832999288
+8605775889587
+8613876080878
+8613905187475
+8613711668902
+8613990586292
+8615331999395
+8613076738257
+8613702447843
+8615331999396
+8613913866677
+8613669912921
+8613906665568
+8613908181508
+8613366286310
+8613631638806
+8613387715389
+8613118908072
+8613714738722
+8613991880180
+8613774245681
+8613017568330
+8613309961311
+8613928598322
+8613319966857
+8613902408552
+8613559148214
+8613505057979
+8613558148214
+8613920147698
+8613701938156
+8613818989476
+8613579875695
+8613799183991
+8613653199737
+8615921003518
+8613577871949
+8613517169569
+8613965452480
+8613128803620
+8615966629544
+8613381160512
+8613906768073
+8613620139053
+8613946555318
+8613512066351
+8613628223766
+8613327880787
+8613908612449
+8613603776274
+8613026609095
+8613470307361
+8613512209553
+8613523770139
+8613383129928
+8613888575058
+8613067569838
+8613630861966
+8613560478028
+8613011969889
+860212172543
+8602121725438
+8602121275438
+8613065552116
+8613930908129
+8613339592577
+86041184384066
+8613095472181
+8613288167789
+8615972042745
+8613658619674
+8613930978373
+8613658619574
+8613797322369
+8613910939080
+8613883014775
+8613384659093
+8613682073780
+8613767578403
+8613942080253
+8613803346444
+8613068005503
+8613775589116
+8613957337033
+8613359970487
+8613702795729
+8613857146734
+8613680668121
+8613762850416
+8613858134704
+8613799782978
+8613468410140
+8613515600047
+8613598051765
+8613601169002
+8615307202789
+8613356787196
+8613691931372
+8613159116679
+8613995076996
+8613501786775
+8613588194031
+8613622549689
+8613501916271
+8613335072697
+8613578102119
+8613156473600
+8613842732686
+8613065155586
+8613561224112
+8613866779008
+8613918456979
+8615827209963
+8613391220729
+8613929062838
+8613932994966
+8613807260131
+8613325062636
+8613962692006
+8613560717654
+8613305278298
+8615931992646
+8613857754709
+8613951027866
+8613506819630
+8613864693292
+8613136176138
+8613606484553
+8613652985798
+8613917988700
+8613357139785
+8613560756588
+8613691293507
+8613794627118
+8613962465958
+8613834027176
+8613121819397
+8613057575098
+8613688857605
+8613756003799
+8613602694749
+8613809488305
+8613928161174
+8613802443588
+8613509485988
+8613780016903
+8613012655386
+8613710381147
+8613714693366
+8613757516998
+8613770767770
+8613323368731
+8613710464219
+8613808475994
+8613421021550
+8613762473103
+8613585247878
+8613925566103
+8613533088280
+8613986000
+8613928600000
+8613156888468
+8613469289758
+8613714249438
+8613712029399
+8613604143136
+8613633362992
+8613143895008
+8613621215993
+8613670828358
+8613602768769
+8613775287700
+8613316816096
+8613787353233
+8613580483058
+8613907388352
+8613612650218
+8613818816818
+8613375387001
+8613422651041
+8613803133333
+8613929816126
+8613816316468
+8613686689522
+8613903878641
+8613549317949
+8613874955988
+8613824608607
+8613538210688
+8613719883258
+8613197315375
+8615989530162
+8613635528388
+8613858078767
+8613357661866
+8613967539383
+8613667356998
+8613528457966
+8613003518115
+8613509458866
+8613708767988
+8613317908596
+8613810851596
+8613773492812
+8613662679540
+8613758223114
+8607918737573
+8613032018698
+8613870805716
+8613015382830
+8613508145166
+8613630448089
+86１３７１４６８００８２
+8613301138434
+8613819130570
+8613849311746
+8613939330716
+8613951758205
+8613849611746
+8613987696668
+8613706609876
+8615856918445
+8613193045016
+8613590837675
+8613986682660
+8613092699060
+8613902371237
+8613751413837
+8613757265287
+8613871887649
+8613705052211
+8613902334510
+8613905909988
+8613902735697
+8613312926218
+8613878140809
+8613710203365
+8612368974853
+8613391508380
+8613735561870
+8613542330236
+8613155357007
+86075584223455
+8613829205807
+8613073313766
+8613806350816
+8613562001995
+8613637102074
+8613835181816
+8613919005308
+8613922236893
+8613237172100
+8613970883003
+8613112582688
+8613095182332
+8613712604017
+8613992872996
+8613093181851
+8615955157262
+8613968858819
+8602888953006
+8613389203707
+8613908083519
+8613502529825
+8613910709889
+8613505613280
+8613838030578
+8613713929653
+8613987119694
+8615966617781
+8613867706868
+8613506325220
+8613822151272
+8613816485150
+8613899866940
+8613501032606
+8613276406358
+8613631688101
+8615976960565
+8613863751133
+8613143410353
+8615923100891
+8613926431886
+8613971006537
+8613873177148
+8613787318206
+8613602809383
+8613502273572
+8613506999094
+8613888833119
+8615954648318
+8613434256186
+8613823577295
+8613871338286
+8613896722158
+8613978747699
+8613066699208
+8613930993333
+8613465051590
+8613232500118
+8613945713817
+8613611820513
+8613337773012
+8613059182561
+8613910898468
+8613869306026
+8613933185300
+8613602576800
+8613551953407
+8613186907503
+8613694590923
+8613647093888
+8613972795080
+8613452323845
+8612312345645
+8613575654253
+8613645627130
+8613146412496
+8613903836507
+8613304400551
+8613712488628
+8613654403412
+8613833458680
+8613998026617
+8613500262625
+8613929136680
+8613340912763
+8613813330857
+8606603986396
+8613535066389
+861338085090
+8613380858090
+8613812283176
+8613608591068
+8613526292674
+8613567470436
+8613513986702
+8613579865128
+8613052660320
+8613957455099
+8615919991463
+8613901117844
+8613999079140
+8613701073157
+8613555655072
+8613510676604
+8613391012857
+8613106806516
+8613246425339
+8613805112699
+8613182729353
+8613924335915
+8613352453390
+8613450377985
+8613775360099
+8613307310773
+8613992883585
+863997925
+8615989330214
+8613857275391
+8613018619119
+8613910635422
+8613015269156
+8613973084828
+8615806388237
+8613312025274
+8613418282332
+8613893005768
+8613102315561
+8613088966636
+8613701866659
+8613328063039
+8613751990098
+8613083298076
+8613473960658
+8613823587133
+8613650817704
+8613819995719
+8613332863553
+8613017130188
+8613383500616
+86051251261910
+8613751772658
+8613413301313
+8613893133807
+8613538263139
+8613107094004
+8613450742448
+8613732222791
+8613790034938
+8613342854720
+8613606886887
+8613244523200
+8613543309115
+8613510857559
+8613827753332
+8613307414919
+8613830599885
+8613312794179
+8613530466599
+8613867001655
+8613230063270
+8613853938068
+8613315082318
+8613830361394
+8613425959638
+8613281051130
+8613910839263
+8613707493386
+8613926788222
+8613501968027
+8613155284485
+8613887540069
+8613953157741
+8613408954507
+8615925123868
+8613902642081
