+8613701092128
+8613012025782
+8613698760549
+8613533170801
+8613354771621
+8613975522018
+8613452367432
+8613353490107
+8613757929558
+8613965455544
+8613791128926
+8613785269918
+8613006604814
+8613512406187
+8613568079666
+8613981017802
+8613351332133
+8613996057729
+8613808193395
+8613600562102
+8615992179133
+8613974506561
+8613857416605
+8613304718812
+8613852005242
+8613908718618
+8613705256868
+8613783288810
+8613379357971
+8613108918639
+8613409269840
+8613301711717
+8613054288898
+8613600928357
+8613781897768
+8613708147503
+8615998358885
+8613953332008
+8613808003418
+8613395392919
+8613987535979
+8613781879298
+8613105715337
+8613917325973
+8613951416185
+8613705843236
+8613813598190
+8613972905966
+8613952811228
+8613686038654
+8613588108107
+8613825376618
+8613602033955
+8613339839366
+8613698195245
+8610610610616
+8613816822300
+8613601702731
+8613863503900
+8613681429061
+8613868805191
+8613805585618
+8615807125849
+8613956063600
+8613720202020
+8613802569332
+8613711475227
+8613973664078
+8613817021271
+8613802882266
+8613707830370
+8613368165813
+8613611733209
+8613505105166
+8613913458265
+8613832082437
+8613007881612
+8613082131360
+8613705663188
+8613808235899
+8615962544480
+8613209265488
+8613577750018
+8613866743322
+8613656696522
+8613236845656
+8613974837899
+8613809413870
+8613013956522
+8615941914863
+8613607932686
+8613810127706
+8613327446233
+8613803975028
+8613067097075
+8615827097779
+8613816779467
+8613703159961
+8613381623859
+8613501010685
+8613695033422
+8613906962540
+8613580470009
+8613781848738
+8613338291852
+8613707188389
+8613304605318
+8613935900290
+8613132081958
+8613311513902
+8613965573645
+8613502103126
+8613031008909
+8613819068856
+8613851787053
+8613564948738
+8613955182310
+8613590108698
+8613842754768
+8613831699598
+8613087596021
+8613560884450
+8613556708173
+8613990530228
+8613636562537
+8613572957192
+8613047402624
+8613543692244
+8613423668945
+8613079781710
+8613860064648
+8613611326279
+8613918119888
+8613296561980
+8605513266817
+8613651636828
+8615918594919
+8613802717113
+8613661063166
+8613326899782
+8607916985588
+8613383375001
+8613754736272
+8613719389415
+8613778234280
+8603518808652
+8613128836506
+8613208552711
+8613601205631
+8613391245808
+8613866533251
+8613587653692
+8613600188934
+8613390922079
+8613341334127
+8613808092146
+8613356879925
+8615856121042
+8613808077354
+8613780615318
+8613676338051
+8613306028266
+8613969479900
+8613312873199
+8613587878609
+8613928451845
+8613560139330
+8613929938423
+8613600188937
+8613880872028
+8613524980928
+8602763261600
+8613201200895
+8613371778049
+8613813999009
+8613239665678
+8613127908696
+8613610275702
+8613309909015
+8613026851018
+8613651237562
+8613509275855
+8615999600168
+8613924498078
+8613602386860
+8613581945621
+8613867695666
+8615999537779
+8613706208988
+8613418681439
+8613008104021
+8613806113061
+8613645688888
+8613927773933
+8613130330918
+8613878837039
+8613883240689
+8613509140341
+8613553806881
+8613985160468
+8613639443786
+8613906328156
+8613430206442
+8613872752568
+8613826467979
+8613693992868
+8613523195286
+8613552228264
+8613013894691
+8613507818530
+8613702920357
+8613008902055
+8613801259766
+8613333170938
+8613826188800
+8613758950971
+8613333170939
+8613792468892
+8613073505811
+8613913862677
+8613542059909
+8613301392862
+8613872934488
+8613775126960
+8613619932024
+8613518648158
+8613589215461
+8613917838038
+8613506812950
+8615937309323
+8613685568947
+8613842912357
+8613809611023
+8613906000330
+8613230130483
+8613370982988
+8615612419714
+8613311888121
+8613709427699
+8613505777809
+8613831400105
+8613396498389
+8613520336684
+8613146269987
+8613863338079
+8613940183856
+8613353319533
+8613973736142
+8613968138411
+8613813891313
+8613579273330
+8613823423731
+8613876858081
+8613479713909
+8613758235318
+8613331968111
+8613606647606
+8613561866330
+8613980982438
+8613739237368
+8613723712327
+8613911946542
+8613506515533
+8613531783758
+8613187657077
+8613756189487
+8613563440488
+8613916878045
+8613309890335
+8613088927905
+8613508856677
+8613960864948
+8613536220515
+8613504088971
+8613608309018
+8613659877336
+8613314545818
+8613013568884
+8613951741753
+8613926550790
+8613920304667
+8613802219947
+8613308572121
+8613996753368
+8613379288368
+8613631341388
+8613064658580
+8613612899742
+8613983283257
+8613574637186
+8615936812111
+8613661812942
+8613227140099
+8613069055970
+8613031019070
+8613817943201
+8613911016780
+8613101481568
+8613941974303
+8613424220135
+8618903126043
+8613575996701
+8613501686248
+8613129656015
+8613627075704
+8613952542101
+8613942825405
+8613055699600
+8613392012218
+8613989562107
+8613805999123
+8613082183508
+8613570344033
+8615879546372
+8613602855625
+8613482870412
+8613602938800
+8613018446682
+8613459512886
+8613020133637
+8613320266833
+8613621731693
+8613592144999
+8613615170495
+8613589503550
+8613942473421
+8613591375365
+8613912239882
+8613901467979
+8613881521618
+8613801467979
+8613801467338
+8613862885610
+8613321211938
+8613633353528
+8613721633265
+8613803330402
+8613310882775
+8613506033188
+8613918818828
+8613558900127
+8613051692731
+8613033588781
+8613239167037
+8613811837565
+8613033217819
+8613901146813
+8615941703159
+8613903650694
+8613698589388
+8613004606221
+8613921913859
+8613911266670
+8613340889006
+8613889436569
+8613317858260
+8615864053266
+8613546787555
+8613972990630
+8613872275680
+8613933133536
+8613511550626
+8613638234398
+8613101609307
+8613461910945
+8613816173826
+8613338530866
+8613844750506
+8613504837706
+8613977120435
+8613962153198
+8613016006798
+8613536976608
+8613863777980
+8613711094808
+8613546789521
+8613828832297
+8613351275077
+8613836377463
+8613758539900
+8613035229919
+8613961643886
+8613395841458
+8613370071359
+8613228684641
+8613958090922
+8613193777315
+8613802270175
+8613786284707
+8613225615708
+8613962529809
+8613651707783
+8613607179762
+8613956149500
+8613606523851
+8613712958088
+8613758511756
+8613945293888
+8613480934555
+8613940048916
+8613911166287
+8613227507896
+8615306775366
+8613531356121
+8613708846249
+8613820433366
+8613636818109
+8613513261980
+8613003819918
+8613503049344
+8613977130408
+8613401090998
+8613771380038
+8613901159413
+8613792343168
+8613810395379
+8615919840636
+8613502801912
+8615818516335
+8613261953517
+8613432756067
+8613590315437
+8613003127278
+8613911153885
+8613899085600
+8613550421990
+8613621129029
+8615915161219
+8613316954488
+8613004198232
+8613338313707
+8613513724957
+8613910972868
+8613682281135
+8613806214256
+8613790649009
+8613902841510
+8613501646783
+8615604718555
+8613999726090
+8613354290000
+8613924030443
+8613916876383
+8613582779908
+8613961610380
+8613832531825
+8613627307695
+8613089988379
+8614174174174
+8613381117858
+8613528860114
+8613932599216
+8613950101398
+8613210550038
+8604138933768
+8605332944222
+8613957612345
+8613030000020
+8613907862118
+8613984324518
+8613955118153
+8613779933760
+8613725418918
+8613629690119
+8615878705045
+8613574586273
+8613731369982
+8615996022259
+8613975710483
+8613578811188
+8613104437718
+8613817516255
+8613576394750
+8613037291277
+8613817863766
+8613980188883
+8613968547280
+8613917504300
+8613814128352
+8615920004711
+8613370690011
+8615901337211
+8613718558817
+8613888168877
+8613710800840
+8613801206655
+8615873975688
+8613910090062
+8613887754007
+8613621212808
+8613033695508
+8613972166615
+8613586862353
+8613602699942
+8613641696055
+8613715208334
+8613701025534
+8613708415909
+8613132898705
+8613706170575
+8613688989018
+8613577667495
+8613735306065
+8615326961652
+8613852063943
+8613826040995
+8613331000278
+8613311883930
+8613802570401
+8615301606318
+8613003903299
+8613910665645
+8613508150048
+8613318236806
+8613514462255
+8613430797088
+8613292569932
+8613960781008
+8613469847308
+8613579092229
+8613383751531
+8613902469379
+8613718107998
+8613981231319
+8615755718488
+8613263495529
+8613834616400
+8613818526737
+8613505690886
+8613320910200
+8613303717190
+8613176663798
+8613037627931
+8613953503039
+8613937265148
+8613693238033
+8613601988111
+8613901777768
+8613562571615
+8613801480171
+8613708135119
+8615318340133
+8613407075955
+8613871296403
+8613600971613
+8613651647460
+8613973163915
+8615803412860
+8613035109758
+8613904120566
+8613169238834
+8613802293470
+8613521792913
+8613867162317
+8613551063783
+8613563187406
+8615963215511
+8613826440975
+8613124779411
+8613562085080
+8615919496441
+8613311326935
+8607346676481
+8613536201668
+8613858288218
+8601084755869
+8613759735117
+8613009422781
+8613600662424
+8613568806780
+8613899596336
+8615821861226
+8613482302732
+8613992763638
+8613712101700
+8613907911262
+8613963963787
+8613381639932
+8613328086288
+8613791588260
+8613356735888
+8613872611011
+8613808643719
+8615991761080
+8613193605515
+8613489008953
+8613911159286
+8613473008903
+8613915336037
+8613733441213
+8613814086711
+8613500138163
+8613861136199
+8613057213508
+8613693727899
+8613761484315
+8613475321891
+8613600454948
+8613858129731
+8613303408124
+8613599086340
+8613146824716
+8613944800700
+8613099988266
+8613724329565
+8613188585988
+8613923009885
+8613921341556
+8613034215017
+8613906550333
+8613855975141
+8613356601270
+8613883384829
+8613597650580
+8613831839318
+8613720778909
+8613932068242
+8613721112716
+8613356642896
+8613808856945
+8613780008484
+8613388740007
+8613525904341
+8613921501351
+8613820154132
+8613306681307
+8613212735135
+8613059617078
+8613393095101
+8613969236262
+8613020206078
+8613964611516
+8613791729608
+8613105811808
+8613551074177
+8613852086772
+8613185311991
+8613512071105
+8613875840514
+8615934003227
+8613843022502
+8613904509924
+8613408560816
+8613852303859
+8613901945093
+8613800411158
+8613901220150
+8613500317288
+8613003318651
+8613210172930
+8613991161866
+8613700144699
+8613060436769
+8613580891283
+8613827764428
+8613148805929
+8613501551150
+8613518810351
+8613433042927
+8613074717888
+8613845836116
+8613630892277
+8613533505045
+8613585059599
+8613968523020
+8613923130321
+8613370853382
+8613505026477
+8613868448661
+8613738229845
+8613506741626
+8615819036808
+8613802356806
+8613950126242
+8613406086981
+8613352349168
+8613592057019
+8615957394916
+8613609465601
+8613730991428
+8613714523457
+8613322227445
+8613602035580
+8613602366737
+8613171802021
+8613806452508
+8613910100365
+8613318825083
+8613505463169
+8613978072512
+8613625724998
+8615996990334
+8613682584271
+8613705919789
+8615861227227
+8613241103932
+8613155330538
+8613601926291
+8613905111884
+8613807344286
+8613642880777
+8613950444661
+8613580828175
+8613719731276
+8613908786299
+8613794443479
+8613964908518
+8613333571118
+8613907720131
+8613521170864
+8615856176484
+8613997082731
+8613327914932
+8613994521492
+8613593175557
+8613701008809
+8613521082842
+8613813425525
+8613676409311
+8613895920807
+8613679559577
+8613822043088
+8613323889811
+8613965513724
+8613376178888
+8613153748200
+8613695468818
+8613539812303
+8613221000111
+8613202265995
+8613009321556
+8613504326616
+8613823967622
+8613486531308
+8613921097579
+8613591828389
+8613965686563
+8613798885948
+8615970684976
+8613801574000
+8613862576524
+8613291924217
+8613659904835
+8613865656250
+8613862107070
+8613766586766
+8613306174005
+8613760214850
+8613717192160
+8613396579090
+8613501019514
+8613867711213
+8613940305418
+8613903983898
+8613593016499
+8613979314639
+8613873171582
+8613311705973
+8613799325894
+8613713117220
+8613713710817
+8613906624831
+8613600637506
+8613962278592
+8613838726760
+8613527988290
+8613770478766
+8613340980936
+8613961783642
+8613003868608
+8613990229961
+8613383981006
+8613687625312
+8615821078115
+8610607547234
+8613515431262
+8613144612211
+8613816105931
+8613723074128
+8613574874143
+8613438453421
+8613879118244
+8613357001819
+8613843189660
+8613903900900
+8613584948272
+8613783382460
+8613563808509
+8613710364703
+8613724561189
+8613947363788
+8613534819238
+8613671181362
+8615807725928
+8613501139173
+8613337251391
+8613503807736
+8613891830051
+8613806145066
+8613382285678
+8613194276832
+8613323668929
+8613325697878
+8613827434913
+8613721215888
+8613507065883
+8613288017929
+8613781757767
+8613862419378
+8613705476128
+8615953928367
+8613503243199
+8613809236571
+8613510769693
+8613439451770
+8613422246695
+8613666016744
+8613317853698
+8613817364705
+8613564321389
+8613820932741
+8613101216121
+8613363991940
+8613689741236
+8613957058828
+8613121651991
+8613973204473
+8613305242589
+8613399201729
+8615158948480
+8613439520906
+8613031553545
+8613501679703
+8613771165040
+8613705897739
+8613385207006
+8613951828096
+8613087950029
+8615305173120
+8613964464540
+8613802888688
+8613774291268
+8613757588612
+8613533048108
+8613868055968
+8613111446197
+8613936456815
+8613171884680
+8613992349068
+8613805721010
+8613081969313
+8613751140550
+8613045301208
+8603566304894
+8613566304894
+8613675803690
+8613524312755
+8613185757918
+8613801290553
+8613705468287
+8613407423299
+8613803845220
+8613965215965
+8613710623560
+8613826292688
+8613518733299
+8613941880089
+8615958589738
+8613407235252
+8613700363389
+8613621626113
+8615859623608
+8613182013057
+8613925057505
+8613952099480
+8613517904956
+8613993208518
+8615951500897
+8613926573899
+8613327897050
+8613304176932
+8613383044769
+8613530786260
+8613998583500
+8613311176405
+8613693314966
+8613891021788
+8613801493457
+8613640670233
+8613387151519
+8613630592717
+8613054625954
+8613501157465
+8613971963885
+8613530306387
+8613196811256
+8613605196376
+8613994617229
+8613070568521
+8615950666399
+8613801172587
+8613614220908
+8613850215008
+8613901738678
+8613071745060
+8613506858461
+8613615262185
+8613513759099
+8615973868199
+8613162925143
+8613808351981
+8613838716084
+8613101720909
+8613697658096
+8613873782152
+8613956183278
+8613816472812
+8613820511792
+8613864469651
+8613193719234
+8613152680209
+8613807176222
+8613684953598
+8613867390613
+8613333702697
+8613551721099
+8613728015688
+8613810982202
+8613603596221
+8613324888091
+8613301797760
+8613556919445
+8613604007743
+8613999511568
+8613113621759
+8613871012272
+8613903469729
+8613959901905
+8613857238315
+8613977623538
+8613862075084
+8613893818587
+8613804806279
+8615958805694
+8613806718688
+8613805359766
+8613970542694
+8613416919161
+8613866583927
+8615901307459
+8613564528857
+8613977212277
+8613977277070
+8615936539138
+8613260001755
+8613564014117
+8613387701286
+8613801235416
+8613997226513
+8613380065839
+8613535160891
+8613752513850
+8613807165567
+8613476783631
+8613712158082
+8613636344001
+8613515532195
+8613528645988
+8613525947990
+8613907253280
+8613952658262
+8613708288108
+8613668150117
+8613113810755
+8613924638467
+8609915331280
+8613169901725
+8613599484027
+8613295831499
+8613396412218
+8613880582726
+8613302859070
+8613138098608
+8613827333138
+8613801850193
+8613901022166
+8613883463373
+8613773123006
+8613857883520
+8613216933007
+8613166051747
+8613907172321
+8613728282688
+8613655093268
+8613084127055
+8613840176371
+8613917118742
+8613605262148
+8613881873757
+8613808190813
+8613641096812
+8613774050986
+8613035678283
+8613025877660
+8613031466926
+8613873613721
+8613479520493
+8613118812018
+8613302109821
+8613809808486
+8613366270033
+8613545889699
+8613388129469
+8613764607591
+8613707512955
+8613951818898
+8613141206934
+8613967630288
+8613825150971
+8613582324974
+8613965180145
+8613860528501
+8613363988816
+8613363982616
+8613641191692
+8613051594165
+8613921195872
+8613396699076
+8613310838621
+8615923476822
+8613832815564
+8613876338855
+8613138107553
+8615989609710
+8613839703266
+8613060043721
+8613562859629
+8613705950193
+8613903357620
+8613348232844
+8613311287061
+8613612511339
+8613022158611
+8613903248147
+8613999989991
+8613255466886
+8613903591904
+8613102732888
+8613901233977
+8613935988938
+8613305368717
+8613377871678
+8613966185566
+8613471144397
+8613701390104
+8613920031342
+8613352299099
+8613965035858
+8613550331619
+8613910265709
+8613059300959
+8613418661241
+8613703347137
+8613607659618
+8613111881108
+8613958147474
+8613820772931
+8615054702894
+8613367442008
+8613517825394
+8613109855933
+8613817225135
+8613973100000
+8613795546158
+8613981149566
+8613910865041
+8613130039317
+8613094722927
+8613701231932
+8613593846639
+8613801022883
+8613082005568
+8613033200325
+8615990006630
+8613805050505
+8613077776891
+8613878603266
+8613719026710
+8613788711966
+8613510862596
+8613802900714
+8613363510908
+8613947615542
+8613679234536
+8613564768456
+8613906602567
+8613940332724
+8613750310803
+8613701736836
+8613766119313
+8613943685549
+8613713923566
+8613907292381
+8613590323632
+8615985518775
+8613713788983
+8613926563550
+8613646283172
+8613701221383
+8613804165991
+8613611856823
+8615813062572
+8615813062472
+8613701788671
+8614228764392
+8615997179665
+8613598911956
+8613930908306
+8613101539888
+8613602866487
+8615864064175
+8613588699188
+8602127372119
+8613184579453
+8613944976613
+8615942390009
+8613930376844
+8613660689000
+8613818744796
+8603517340839
+8613601746128
+8613303544560
+8613303544567
+8613935414527
+8613826022884
+8613870255046
+8613033433868
+8613836391722
+8613998035949
+8613380033488
+8613115320709
+8615993969988
+8613562008122
+8613531298839
+8613915320709
+8613928579136
+8613379227548
+8613683719627
+8613322220108
+8609313301948
+8613705955696
+8613814929595
+8613809518066
+8613161238808
+8613888986822
+8613305705768
+8613533556324
+8615963994590
+8613396573460
+8613801799295
+8613688872256
+8613854682806
+8613571859119
+8615926008886
+8613522099956
+8613802296681
+8613837224701
+8613241770647
+8613875845844
+8613826891661
+8613510899633
+8613500551222
+8613437173548
+8615922509133
+8613198781700
+8613610288685
+8613469981629
+8613915021975
+8613925129666
+8615911953902
+8613878252528
+8613675189966
+8613849113888
+8613670175015
+8613523988108
+8613983256777
+8613517848190
+8615918781255
+8613693162110
+8613870086363
+8613175422888
+8613903299895
+8613218409882
+8613035251560
+8613426708070
+8613567002480
+8613967525370
+8613995106561
+8613622250893
+8613760195022
+8613156073779
+8613909310003
+8615995033998
+8615822054943
+8613840094106
+8613170472139
+8613064469120
+8613955045555
+8613082466003
+8613566007811
+8613541946156
+8613025273622
+8613025173622
+8613773053124
+8613893209994
+8613364766658
+8613806122668
+8613512429340
+8615958360530
+8613330500511
+8613229878519
+8613526213769
+8613463803761
+8613600985008
+8613512506523
+8613850899608
+8613599631233
+8613888768599
+8613283199858
+8613501562178
+8613907575172
+8613618057760
+8613456527697
+8613032299752
+8613577723429
+8613953821966
+8613901002766
+8613247201760
+8613559803976
+8613641703449
+8613547894158
+8615300150836
+8613078566616
+8613012404153
+8613552150155
+8613885722887
+8613793891165
+8613678656617
+8613906312012
+8613322806210
+8613517248108
+8613503546180
+8613961381727
+8615305517218
+8606326771287
+8613876007982
+8613403988328
+8613935953363
+8615872040135
+8613708986058
+8609176996969
+8613907260986
+8613220046073
+8613609345647
+8613819155930
+8613625665369
+8613659243515
+8613592625888
+8615803919999
+8613206832234
+8613908438274
+8613137830202
+8613977105898
+8613984536896
+8613947026861
+8613596033280
+8613375316336
+8613940848881
+8613844911299
+8613439076738
+8613352592976
+8613502841089
+8613802851140
+8613602145545
+8613901305035
+8613714453807
+8613520275666
+86051269696547
+8612345678954
+8613811422024
+8613581615217
+8613319573349
+8613704187988
+8613126608855
+8613280022084
+8613791124885
+8613906856045
+8613575716128
+8612522556398
+8613793826607
+8613468422335
+8613488870080
+8613002638491
+8613087398122
+8613817232622
+8613971172358
+8613641416872
+8615976116666
+8613980332543
+8613521200348
+8613504001230
+8613965687987
+8613972015112
+8615978688556
+8613590915158
+8613715556778
+8613809861552
+8613679015105
+8615906135921
+8613504007879
+8613806133697
+8613309697068
+8613905326994
+8613658661801
+8613879657866
+8613816021383
+8613370291676
+8613924711073
+8613381117157
+8613832003430
+8613728289326
+8613086372103
+8613456986565
+8613016459512
+8613908319818
+8613594325640
+8613926405696
+8613901114667
+8613145716666
+8613467583611
+8613390887898
+8613941175077
+8607162983616
+8613952623712
+8615923402951
+8613671021345
+8613737077288
+8613100218282
+8613904211197
+8613488816045
+8613145506345
+8613191663588
+8613325169981
+8613621261513
+8613570561575
+8613979656533
+8613929208899
+8613382179952
+8613101837517
+8613313636386
+8613458975745
+8613760898297
+8613922539236
+8615848891991
+8613813610030
+8613033016999
+8613814891018
+8613536710718
+8613805794123
+8613975932001
+8613818429308
+8613902786005
+8613908073388
+8613312816079
+8615954462578
+8613543450597
+8613306336009
+8613915705568
+8613890979409
+8613456452388
+8613688678246
+8613902782175
+8613908850025
+8613904181833
+8602349913701
+8613908850028
+8613798414319
+8613480662936
+8613391266947
+8613594383455
+8613802679790
+8613813729226
+8613969397850
+8613756736788
+8613876129168
+8613583578647
+8613713333395
+8613739085595
+8613438373996
+8613705198373
+8613500236813
+8613903091330
+8613823432397
+8613960670699
+8613993909289
+8613705171295
+8613002407880
+8613016094520
+8613554825555
+8613163334456
+8613871675825
+8613180316360
+8613814114100
+8613434929183
+8613005838326
+8613967378033
+8613373939911
+8613903591324
+8613874204689
+8613600518215
+8615868088581
+8613826088636
+8615934923002
+8613568000365
+8613325690046
+8613391567918
+8613482631203
+8613901003942
+8613879350957
+8613780670257
+8613606504309
+8613829621517
+8613991368500
+8613601096412
+8613855038999
+8613972007686
+8613588160111
+8613896236329
+8613850236231
+8613306500650
+8613903788158
+8613799099999
+8613897905718
+8615802920006
+8613922215530
+8613925704329
+8615994759739
+8613703920990
+8613231227142
+8613893009555
+8613829175881
+8613131227142
+8607346697320
+8613882222203
+8613680137842
+8613974784511
+8613243786207
+8613392608508
+8613570580095
+8613802631628
+8613805924191
+8613880339889
+8613503748596
+8613939405521
+8613565482188
+8613642638566
+8613503738826
+8613992022717
+8613992099071
+8613506925086
+8613871398707
+8613569532328
+8615801207028
+8613868871398
+8613922582818
+8613804872678
+8613932131804
+8615861235144
+8613017130835
+8615914597673
+8613805219108
+8613806399366
+8613975199830
+8613607348899
+8613607460328
+8613508112822
+8615961155717
+8613246062704
+8613809697232
+8613013977389
+8615922920178
+8613963500549
+8613913752439
+8613437674636
+8613904095823
+8613967473749
+8613851610182
+8613510509596
+8613503302068
+8613905807768
+8615977031333
+8613242921086
+8613906136020
+8613361925810
+8613319692180
+8615923556698
+8613526718383
+8613566880518
+8613105379702
+8613475791696
+8613824101106
+8613819509298
+8613502894918
+8613813691922
+8613324567899
+8613606629480
+8613526728885
+8613656852880
+8613911596905
+8615980328657
+8613805754936
+8613306117507
+8613688548656
+8615852351789
+8613212777399
+8615918463349
+8613306190742
+8613311270789
+8615963019023
+8615845210427
+8613226524381
+8613887414535
+8613915385898
+8613588404538
+8613302613210
+8615959590010
+8613906521505
+8613757185804
+8613014596966
+8613777893012
+8613704250317
+8613058300831
+8613806661959
+8613982591285
+8613851629567
+8613973300077
+8613176195113
+8613311323707
+8613587961985
+8613802484334
+8613852966088
+8613513089156
+8613986925858
+8613812078146
+8613702646277
+8613892839263
+8613191603116
+8613864395985
+8613719043145
+8613818722654
+8613086616607
+8613786591172
+8613901599617
+8613616563231
+8613987285649
+8613655544444
+8613371885770
+8613180071691
+8613997576072
+8613905188640
+8613957333879
+8613932958465
+8613650413040
+8613597688866
+8613712715715
+8613906577007
+8613005814141
+8613671152621
+8613156987445
+8613814293240
+8613605724503
+8613568933875
+8613328319312
+8613844634268
+8613766477551
+8613928643151
+8613247569070
+8613595187783
+8613559803383
+8613995580539
+8613642908059
+8613971497258
+8613731185386
+8613501451248
+8613818728360
+8613557354066
+8613055870352
+8613848238459
+8613573876671
+8613534580790
+8613072777606
+8613989633878
+8613921178804
+8613589738588
+8615960069200
+8613625731877
+8613020145909
+8613811199066
+8613764090494
+8613076335739
+8613521266008
+8613974751333
+8613227823003
+8613411001911
+8619902214824
+8613350062291
+8613651349911
+8613291711520
+8613813673182
+8613902214824
+8613506625739
+8613807381940
+8613853347616
+8613809006903
+8613835955551
+8615961155291
+8602368335967
+8613212395303
+8613078735372
+8613309176819
+8613951864443
+8613787279007
+8613877537962
+8613600288070
+8613991114869
+8613809378186
+8615963738289
+8613908034046
+8615435687694
+8613506749233
+8613592982911
+8613216158101
+8613574452412
+8613952530629
+8613688090556
+8631232413541
+8613806229611
+8613852433812
+8613906866922
+8613983896660
+8613640208573
+8613826333966
+8613712189188
+8615973411620
+8613549160707
+8613377220526
+8615902388184
+8615808700002
+8613649122872
+8613813985006
+8613956444898
+8613304710330
+8613705703439
+8613725408681
+8613380201383
+8613802732665
+8613382067223
+8613992007589
+8613805163214
+8613212395313
+8613525688199
+8613681092826
+8613973738898
+8613981887578
+8613505957117
+8613924188556
+8615952177666
+8613488366783
+8613906534099
+8615912545885
+8613235080199
+8613967236938
+8613539244977
+8613949690631
+8613456129721
+8613886169502
+8613559251366
+8613411446464
+8615952600258
+8613307618333
+8613805871581
+8613932629267
+8613928288866
+8613771828255
+8613891802629
+8613418932833
+8613503066995
+8613999146616
+8613760644365
+8613311788919
+8613968357777
+8613901118137
+8613980673098
+8613097765299
+8613709310407
+8613795551218
+8615986381296
+8613012287622
+8613601660490
+8603716965631
+8613760333044
+8613705069831
+8613705059831
+8604118609152
+8613320660283
+8613859320992
+8615932503462
+8613839178781
+8613307814434
+8613468845234
+8613364685778
+8613580388629
+8613383871631
+8613036237666
+8613578603679
+8613578801111
+8613367331098
+8613311606972
+8613785188820
+8613437148251
+8613401791088
+8613833125599
+8613510785198
+8613864320726
+8613805068871
+8613661187926
+8613691860663
+8613280825807
+8613887186883
+8613505286262
+8613573313048
+8613003331448
+8613589707987
+8613540031333
+8613672540321
+8613802320444
+8613573313047
+8613865996595
+8613042114038
+8615333037917
+8613931982189
+8613926428318
+8613087262532
+8615972927905
+8613764429388
+8613883131916
+8613434228493
+8613678117202
+8613861334750
+8613336162622
+8613013959882
+8613088345236
+8613020078400
+8613305474363
+8613552895551
+8613991293706
+8613893313756
+8613356691896
+8613383898182
+8613580783962
+8613902650168
+8613790026018
+8613302651898
+8613235880139
+8613970553650
+8613207848528
+8613126641219
+8613964711766
+8613922396006
+8613078960168
+8613816589039
+8613829215398
+8613925280631
+8613439603327
+8613938631378
+8613818313597
+8613058484585
+8613002175389
+8613601153358
+8613702577374
+8613308636928
+8613302976050
+8613893358797
+8613923262333
+8613902976050
+8613881485689
+8613785162763
+8613869117678
+8613733001866
+8615818676034
+8613562566185
+8615818520209
+8613855550203
+8613981833210
+8613840521119
+8613151899599
+8613971789399
+8613832652965
+8613761608709
+8613930667880
+8613963712286
+8613788869927
+8613995281660
+8613902355557
+8615918684707
+8613307717750
+8613790047368
+8613375356676
+8613898975478
+8613307855517
+8613239263208
+8613187250837
+8613759126341
+8613408585457
+8613516655699
+8613976860183
+8613350092535
+8613307200193
+8613948977730
+8613719201828
+8613502555572
+8613377638882
+8613934591230
+8613952420678
+8613158985630
+8613509713455
+8613709522424
+8613906590120
+8613052090908
+8613817389089
+8613984872201
+8613770111099
+8615947559955
+8613797006395
+8602127150806
+8613100640225
+8615994760530
+8613389349439
+8613189349439
+8613700355288
+8613520353506
+8613609002378
+8613855108890
+8613808259700
+8613688636737
+8613723413013
+8613134149411
+8613611202437
+8613281759529
+8613081119784
+8613609384306
+8613317645568
+8613007300242
+8613568214432
+8615971028139
+8613993850289
+8613611205462
+8613974115220
+8613376339365
+8613662567896
+8613911633565
+8613979462768
+8613656137234
+8613573135400
+8613607114166
+8613872330027
+8613867947864
+8613959282008
+8613553238109
+8613765661671
+8613957775917
+8613250973735
+8613823053258
+8613565887602
+8613148806940
+8613732911265
+8613823392560
+8613542635501
+8613318666200
+8613113640937
+8613566170756
+8613053064567
+8613402879608
+8613572711997
+8615899277058
+8613602266116
+8613723369805
+8613429219635
+8613538628991
+8613593502059
+8613382189053
+8613816075787
+8613011181835
+8613332890048
+8613384345955
+8613774373773
+8613688906965
+8615925792340
+8615849660707
+8613396490008
+8613911507103
+8613802029226
+8613906880586
+8613963031590
+8613075137188
+8613883208898
+8613933005633
+8613977272525
+8613528110931
+8613719156808
+8613606529145
+8613809065897
+8613318851439
+8613703555017
+8613909526499
+8613661171833
+8613879363836
+8613725913966
+8613839018991
+8613049881132
+8613728111627
+8613430520425
+8613067795566
+8613749854344
+8613905473998
+8613007025684
+8613804846583
+8613773255484
+8613385106607
+8613982994813
+8613807162700
+8613929525520
+8613826974366
+8613482080809
+8613130888055
+8613099346679
+8615863825819
+8613845719997
+8613902984997
+8613911923516
+8613717850525
+8613692595400
+8615927342855
+8613682926132
+8613361832071
+8613358033971
+8613588526210
+8613932597982
+8613596948892
+8613503507756
+8613506328216
+8613536428569
+8613951820021
+8613506568814
+8613543427420
+8613620179373
+8613883047595
+8613542136668
+8613712281900
+8615927176267
+8613930436398
+8613932131200
+8613931996400
+8613383716616
+8613806257558
+8613791761151
+8613607388263
+8613223450385
+8613223450384
+8613503963233
+8613223450383
+8613611651965
+8612568974152
+8613106801345
+8615872247229
+8613818184297
+8613106801336
+8613972815431
+8613603458221
+8615851102181
+8613901307618
+8613537931781
+8613306453067
+8613813869657
+8613139699873
+8613562262771
+8613566778899
+8613811559802
+8613402763183
+8613021342222
