+8613571578548
+8613638231177
+8613714379688
+8613471177726
+8613952870977
+8613603982365
+8613170757246
+8613517818190
+8613524048725
+8613921550728
+8613519795506
+8613981495567
+8613803718847
+8613522883919
+8613575258805
+8613615286345
+8613706772676
+8613662142720
+8613075315512
+8613559540244
+8613906402674
+8613994213447
+8613431722473
+8613606866898
+8613939715605
+8613349851509
+8613337214466
+8613715886611
+8613174073097
+8613832369508
+8613606202119
+8613600949682
+8613096977291
+8613807340744
+8613552578968
+8613386515301
+8613559455355
+8613566167590
+8615976607711
+8613998927979
+8613883098432
+8613804103346
+8613845995432
+8613923047039
+8613921225628
+8613134517788
+8613912088852
+8613641728340
+8613801621734
+8613861856596
+8613606708328
+8613375387539
+8613825558815
+8613801813712
+8613706862200
+8613861761796
+8613625612363
+8613951791577
+8613859344589
+8613965835282
+8613715669879
+8613957061857
+8613891861823
+8613503567095
+8613957391913
+8613699755866
+8613601451096
+8613615995926
+8615821277309
+8613966258255
+8613246690692
+8613501537198
+8613691557113
+8613802706393
+8613910620997
+8613543337722
+8613753831806
+8613840044167
+8613539211291
+8613012507336
+8613801258858
+8613537221588
+8613268983391
+8613428492467
+8613951612838
+8613534180085
+8613651447812
+8613922333827
+8613672458484
+8613622240499
+8613552526656
+8613333333388
+8613953200357
+8613528355466
+8613502538554
+8613023204408
+8613671293493
+8613764201402
+8613917760373
+8613798681245
+8613691488962
+8613758925233
+8613386059799
+8613388062759
+8613751037377
+8613834951771
+8615307135470
+8613805873698
+8613812848084
+8613943085648
+8613530728188
+8613566058784
+8613082108262
+8613477097899
+8613714657908
+8613881916808
+8613930880943
+8613520627015
+8613615718091
+8613574631768
+8613201877800
+8613956094595
+8613986843123
+8613013546868
+8613808231144
+8613963767260
+8613929765899
+8613582270178
+8613509647936
+8613641709986
+8613946022951
+8613100730982
+8613701019955
+8613696275618
+8613207326696
+8613824072005
+8613933063661
+8613684152858
+8613610321611
+8613564316781
+8613072876166
+8613901023262
+8613013102106
+8613878252518
+8613201918650
+8613503799899
+8613799991237
+8613318215521
+8613552119410
+8613506206542
+8613391122002
+8613508145858
+8613816818576
+8613776052276
+8613380195288
+8613522805708
+8613998606239
+8613917839094
+8613655228060
+8613775975912
+8613611936271
+8613508494581
+8613470958444
+8613977683755
+8613037842372
+8613983107618
+8613507286260
+8613883467333
+8613862962561
+8613906202063
+8613939384622
+8615840301879
+8613655208060
+8613916627045
+8613613161325
+8613554233474
+8615968035877
+8613709890036
+8613761669440
+8615993979122
+8613787025666
+8613692889682
+8613636746831
+8613879207866
+8613788114162
+8613380310603
+8613508483822
+8613078693968
+8613579215321
+8613619312052
+8613575065171
+8613882935666
+8613958056642
+8613839730310
+8613901778392
+8613308457605
+8613868328107
+8613906285525
+8613711218560
+8613708364315
+8613794628788
+8613862922610
+8613950116701
+8613825882498
+8613710168033
+8613708364325
+8613902417130
+8613952956890
+8613731188658
+8613799515911
+8613970466951
+8613804806457
+8613960398826
+8613658083012
+8613400013315
+8613500510354
+8613313692584
+8613975598949
+8613974732049
+8613601261877
+8613923376628
+8613905340408
+8613506424847
+8613515668816
+8613553400283
+8613502211331
+8613109818919
+8613377864888
+8613696021625
+8613336895943
+8613911460055
+8613594988621
+8613915049073
+8613556633800
+8615961087199
+8613901916841
+8613728268118
+8613650377735
+8613501067309
+8613590754963
+8613898893818
+8613860427934
+8613702556669
+8613864365764
+8613752137829
+8613844887662
+8613862477092
+8613906168285
+8613473916030
+8613693139303
+8613575914881
+8613612260448
+8613709057397
+8613808988280
+8613578157222
+8613019722695
+8613970765016
+8613651293648
+8613923628182
+8613816561036
+860429-8810156
+8613560092702
+8613568200955
+8613908628967
+8613809008432
+8613304020123
+8613890362006
+8613146626311
+8613857568576
+8613410709889
+8613968680825
+8613718481858
+8613962673380
+8613850078177
+8613388183260
+8613182993913
+8613054258882
+8613520591710
+8615866013213
+8613092269198
+8613911554260
+8613905880561
+8613965827897
+8613430129078
+8613078932633
+8615921591201
+8613313269198
+8613797692712
+8613585830973
+8613853308411
+8613307047181
+8613054674437
+8613083873535
+8613909158531
+8613631385699
+8613923794320
+8613851763721
+8613553185277
+8613957011200
+8613340962210
+8613880885030
+8613621977082
+8613889000164
+8613927406396
+8613675361768
+8613509655352
+8613959291822
+8613736101738
+8613921102301
+8613805154738
+8613002656236
+8613523531175
+8613699743837
+8613679235122
+8613587984561
+8613733172277
+8613533201181
+8613156878855
+8613705835137
+8613888816809
+8613311109016
+8613321373671
+8613512879968
+8615873157333
+8613873185555
+8613232945301
+8613924802660
+8613500197456
+8613888946050
+8613957892556
+8612345678987
+8613817273600
+8613567039999
+8613553950774
+8615866084566
+8613563690199
+8613880855339
+8613927110101
+8613911667229
+8613959181644
+8613012203400
+8613911046570
+8613757686482
+8613707695515
+8613902531388
+8613773321544
+8613131937137
+8613982716324
+8613814230817
+8613756110051
+8613917952771
+8613599134851
+8613769496989
+8613006572960
+8613625010896
+8613956834462
+8613994213636
+8613537160300
+8613939245201
+8613107052929
+8615838439784
+8613019024987
+8613720871800
+8613771609777
+8613917242421
+8613504727833
+8613520770910
+8613705748683
+8613198311378
+8615927412722
+8613505510176
+8613855231796
+8613704918862
+8613621672356
+8614566655523
+8613662162051
+8613793730955
+8613132335461
+8613711951723
+8613820215065
+8613928559833
+8613825609530
+8602762169086
+8613880455958
+8613515294102
+8613805280581
+8613627253655
+8613902884497
+8613988611817
+8613828888033
+8613705859729
+8613899939130
+8613058450168
+8613632953209
+8613912335111
+8613826578332
+8613520053983
+8615902394012
+8613789158390
+8615902364012
+8615855134380
+8613565427770
+8613406282012
+8613612590581
+8613501226309
+8613631261901
+8613013980080
+8613065895401
+8613812075978
+8613406158866
+8615931808801
+8613539596709
+8613579232868
+8613611882176
+8613567890101
+8613932233446
+8613907063459
+8613424061888
+8613138600688
+8613306698552
+8613908270978
+8613707743788
+8613176976391
+8613703086363
+8613366216302
+8613917994492
+8613950250596
+8613170402669
+8613826559442
+8613362057688
+8613588511838
+8613702358518
+8613138653283
+8613971351546
+8613777723268
+8613366173548
+8613587039260
+8613533148491
+8613829986281
+8613867686799
+8613566749395
+8613755916665
+8613588224323
+8615991700702
+8613522916899
+8613560683608
+8613320919568
+8613867180832
+8613335817007
+8613688913327
+8613817678516
+8613636555225
+8607543992352
+8613072693902
+8613861461732
+8613825990127
+8615966998869
+8613706590303
+8613431013800
+8613862690626
+8613302366988
+8613092312199
+8613599527558
+8613861778694
+8613564761872
+8613395339869
+8613085286883
+8613702669199
+8613862283223
+8613567892552
+8613021085089
+8613306158726
+8613589604922
+8613571878177
+8603555934450
+8613186480003
+8613631610068
+8613033720788
+8615862147591
+8613118020058
+8613536579766
+8613973830981
+8613970467907
+8613422998939
+8613194661316
+8613802698855
+8613054676066
+8613435406004
+8613910799360
+8613808996600
+8613937908801
+8613028884306
+8613607081586
+8613961393663
+8613703863976
+8613729918198
+8613007071219
+8613425808028
+8613600096876
+8613066257362
+8615988712836
+8613970901727
+8613651699759
+8613901731747
+86139.2364447
+8613902364447
+8613565560080
+8613532921318
+8613828744814
+8613719952538
+8613953285070
+8613176260986
+8613017213469
+8613605161095
+8613322039865
+8613821530876
+8613716376618
+8613974879838
+8613782603307
+8613097792792
+8613858231780
+8613705430302
+8613905493996
+8613307736657
+8613906233989
+8613606846066
+8613820024400
+8613777115425
+8613509549955
+8613032110856
+8613191813704
+8613927519818
+8613938482226
+8613114805182
+8613515205023
+8613764668661
+8613581036828
+8613191250391
+8613193914332
+8615806916772
+8613703880911
+8613061767158
+8613416221758
+8613823791902
+8613589194717
+8613901869656
+8613828823447
+8613909072729
+8613548077433
+8613806110525
+8613253282113
+8613561695251
+8613681200603
+8613801087153
+8613336918218
+8602888960077
+8613935666661
+8613833790168
+8613983838226
+8613917305816
+8613814386478
+8613551701553
+8613187088511
+8613906224026
+8613768185073
+8613402000588
+8613702363368
+8613706686667
+8613439718106
+8613312827302
+8613553611537
+8613006390190
+8613129397469
+8613813598757
+8613505607876
+8613873333926
+8615980101779
+8613850929277
+8613860601113
+8613806747621
+8613949316692
+8613661067646
+8613682302878
+8613319244172
+8613703324056
+8615870115280
+8613669533656
+8613818006889
+8608166598006
+8613307577350
+8613799983282
+8613763337110
+8613880121983
+8613957233570
+8603142603839
+8619311311608
+8612345612345
+8613711559212
+8613905843843
+8613939808128
+8613802245893
+8613602745897
+8613899617776
+8613591730166
+8613306245891
+8613547993909
+8613558915955
+8613954382171
+8613320806262
+8613679254208
+8613905566164
+8615921811816
+8613590791970
+8613707040281
+8613773705333
+8613133810160
+8613719861133
+8613676466211
+8613657818168
+8613549179216
+8613888209676
+8613326026172
+8613510121000
+8613704174488
+8613776890012
+8613777962952
+8613352569928
+8613939577111
+8613507491798
+8613329136172
+8613825666479
+8613830253326
+8613509334775
+8613589775227
+8613818626563
+8613588120938
+8613845552023
+8613977153092
+8615970357089
+8613455391505
+8613031348816
+8613954675994
+8613533910608
+8613227414805
+8613905873727
+8613654342130
+8613012493228
+8613901151391
+8613906936588
+8613641110186
+8613290981877
+8613371033326
+8613762985851
+8613335028573
+8613131133482
+8613304264911
+8613806591987
+8613953493407
+8613801712925
+8605708903737
+8615301438036
+8613477453921
+8613007001099
+8613544577569
+8613735788526
+8613906599875
+8613864359281
+8613824626639
+8613198650333
+8613489399292
+8613973732489
+8613911879975
+8613861807090
+8613816789071
+8613066821731
+8613933539065
+8613307820228
+8613819083661
+8615943457770
+8613509299981
+8613974330848
+8613999900171
+8613539120408
+8613705514213
+8613905288500
+8613839125898
+8615989016620
+8613901970209
+8615826253885
+8615319228636
+8613789961558
+8613313789633
+8613562808307
+8613542144725
+8613225110198
+8613963259589
+8613638444021
+8613584650380
+8613402141869
+8613265882738
+8613701565167
+8615921673081
+8613183635177
+8613395882056
+8613003796677
+8613858163238
+8613543843426
+8613023651237
+8613963615686
+8615935614208
+8619842625688
+8613990091201
+8613404317619
+8613487818878
+8613308372677
+8613798800228
+8614304317619
+8613789286398
+8613094122404
+8613723674975
+8613931949856
+8613837019980
+8613600992258
+8613939609998
+8613998034379
+8613679517074
+8615853289132
+8613916252587
+8613122217501
+8613345795671
+8615958271835
+8613913124781
+8613817984324
+8613953886677
+8613583079618
+8613725337466
+8613122217580
+8613502161671
+8613051816742
+8613862012000
+8613606212876
+8613523779098
+8613480707580
+8613812651515
+8613467887828
+8613938404276
+8613061337677
+8613059601987
+8613856792901
+8613098560990
+8605778292282
+8613870710447
+8613521092247
+8613908880489
+8613576038459
+8613829308762
+8613874132363
+8613482589408
+8613043244992
+8613707431867
+8613968572987
+8613920127313
+8613955160365
+8613987682078
+8613606075509
+8613701797
+8613907924717
+8613818201396
+861370179...7
+8613858528199
+8613845282028
+8613642742211
+8613660183204
+8613701791717
+8613542311038
+8613357597763
+8613962691188
+8613811899668
+8613776281145
+8613708280288
+8613547860800
+8613404953316
+8613621070522
+8613341012976
+8613544043297
+8615966503200
+8613193102022
+8613760767671
+8613927118526
+8613475968735
+8613942800858
+8613212103219
+8613602732163
+8613260364436
+8613794410024
+8613828634507
+8613031364002
+8613506055578
+8615926269297
+8613371835603
+8613963691188
+8613528695608
+8613193619622
+8613979328212
+8613892832861
+8613559683138
+8613935174757
+8613754753476
+8613067601849
+8613700538560
+8613719984268
+8613794610560
+8613605758287
+8613538383616
+8613686590907
+8613952777150
+8613710436701
+8613807088635
+8613916968851
+8613702201521
+8613981815255
+8613501975674
+8613533994033
+8613371793070
+8613562881133
+8613509002176
+8613712584441
+8613602678880
+8613929943605
+8613912263131
+8613527676028
+8613392812223
+8613653385088
+8613318208811
+8613538738810
+8613724812374
+8613821366558
+8613786806397
+8613931139099
+8613607915195
+8613555307711
+8613424302358
+8613823708582
+8613138331559
+8613307341708
+8613502669571
+8613314511112
+8613505995450
+8613857336613
+8613805954513
+8613951828951
+8613633710710
+8613951821360
+8613851928960
+8613816682528
+8613704032969
+8613884953477
+8613807832030
+8613162197818
+8613806742227
+8613773669236
+8613732264578
+8613044606273
+8613817624212
+8613530680229
+8613597706747
+8613693538824
+8615941153396
+8613541239877
+8613321191874
+8613917001916
+8613911888479
+8613661881607
+8613754228058
+8613634408585
+8613706090549
+8613975177394
+8613702589308
+8613676727359
+8613515750881
+8605386673628
+8613053852345
+8615904271551
+8613953565577
+8613394110595
+8613854658060
+8613249935607
+8613961479118
+8615945534177
+8613709436026
+8613355887071
+8613901857352
+8613606351340
+8613480246088
+8613990525236
+8613852578172
+8613097787789
+8613013689900
+8613002660888
+8613048126099
+8613913479180
+8613931935146
+8613850972207
+8613060918301
+8613678013911
+8613375622127
+8613606427160
+8613089899989
+8613057198028
+8613152067636
+8613537235284
+8613978787878
+8613991238983
+8613939929969
+8613514846505
+8613822817077
+8613695108272
+8613933226995
+8613520588687
+8613837904930
+8615802122866
+8613986609268
+8613960767797
+8613618135678
+8613956429299
+8613938759601
+8613517449696
+8613247270492
+8613593792890
+8613850059616
+8613605692064
+8613650234528
+8615883372800
+8613991878305
+8613712744001
+8613568227783
+8613643013053
+8613322823823
+8613705161283
+8613916532384
+8613890856676
+8613939110066
+8613821175887
+8613661518060
+8613676762072
+8613175016671
+8613219669592
+8613487542754
+8615986216089
+8613632417365
+8613388619900
+8613681126018
+8613823396871
+8615930038992
+8613651123409
+8613166337310
+8613852676886
+8613512189071
+8613807103016
+8613304282266
+8613306395832
+8613979768989
+8613606458156
+8613501099610
+8613714010001
+8613516812792
+8613625560588
+8613003297262
+8613122017655
+8613321288120
+8613668292609
+8613801880652
+8613807355078
+8613007583971
+8613509983100
+8613805714591
+8613336444566
+8613324462036
+8613940246599
+8613110000000
+8613601502915
+8615809182663
+8613709515962
+8613763819860
+8613909189336
+8613954819664
+8613957344897
+8613392660086
+8613341398668
+8613603703199
+8613802555800
+8613512734458
+8613906978446
+8613923462286
+8613516641265
+8613472212328
+8613869195293
+8613910767394
+8615927250555
+8613941264040
+8613918936132
+8613003295268
+8613093626628
+8613986259891
+8613805460009
+8613662238413
+8613839882978
+8613893785638
+8613758699280
+8613092415779
+8613570257068
+8613958699280
+8613855678064
+8613600076612
+8613098596088
+8613515853288
+8613801355795
+8613521289521
+8613570128636
+8613777250618
+8613133143951
+8613823527962
+8613712977498
+8613530945948
+8613856779110
+8613357519129
+8613506445931
+8613086812275
+8613670659439
+8613308093060
+8613600311974
+8613872314568
+8613993738126
+8613798243432
+8613194895969
+8613103916665
+8613486112212
+8613974702504
+8613837756611
+8609912780003
+8613875423458
+8613806598527
+8613611232259
+8613535519718
+8613922841562
+8613600590036
+8613527681221
+8613755068137
+8613483086895
+8613828805786
+8613856530068
+8613965397057
+8613818180640
+8613823520453
+8613987825786
+8613350002750
+8613840071877
+8613582809315
+8613238339666
+8615841262658
+8613631406887
+8613510692679
+8613575908416
+8613505749915
+8613600748889
+8613913957017
+8613709451138
+8613338071139
+8613904632246
+8613963619399
+8613817126903
+8613795229316
+8613963816937
+8613288942185
+8613073362338
+8613901094790
+8613901571000
+8613582082269
+8613834386354
+8613576110881
+8613220612369
+8613011646498
+8612812652886
+8613084423363
+8613573379162
+8613475923535
+8613839593601
+8613330191818
+8613544114299
+8613668943936
+8613500710589
+8613554159892
+8613910846469
+8613700712335
+8613589124064
+8613701576117
+8613690660603
+8613978780620
+8615938168088
+8613996075707
+8613555651168
+8613365818887
+8613631666417
+8613998069609
+8613956954660
+8613062676713
+8613913463553
+8613509887739
+8613535036653
+8613751162860
+8613622619918
+8613929578038
+8613002081198
+8613117373051
+8613652280329
+8615955700009
+8615952871277
+8613804132688
+8613714457764
+8613961733676
+8613509666420
+8615830126081
+8613569865452
+8613572813365
+8613609703290
+8607763863336
+8613752049933
+8613915005610
+8613601644707
+8613797534469
+8613036816281
+8613457562962
+8613756507647
+8613026615021
+8613792926651
+8613761448578
+8613364280091
+8613635226533
+8613963968668
+8613815072928
+8613180127373
+8613269496082
+8613709439897
+8613041618209
+8613303987326
+8613874284076
+8613805355736
+8613764553366
+8613979303013
+8613910680538
+8613074566711
+8613954604323
+8613584570799
+8615867726304
+8613905323222
+8613907369307
+8615318826509
+8613623310136
+8613507820618
+8613525008867
+8613355782258
+8613001805550
+8613973335572
+8613703210780
+8613238778557
+8613916187727
+8613624116365
+8615929603579
+8613586472092
+8613934029596
+8613862206556
+8613912628193
+8613951664580
+8613850131947
+8613701081517
+8607582939801
+8613732633355
+8615886862620
+8613367848189
+8613710945768
+8613352256695
+8613754676442
+8613151589066
+8613870868109
+8613890074178
+8613007818866
+8613438054795
+8613911609511
+8613580019183
+8613316101860
+8613370816877
+8613482177577
+8613944510560
+8613428995428
+8613625352066
+8613438995428
+8613917532459
+8613634197615
+8613120717374
+8613969268099
+8613737881813
+8613213167233
+8613706278500
+8613476065197
+8613941765200
+8613521052208
+8613690813512
+8613905841913
+8613823763224
+8613967860680
+8613676405898
+8613065911632
+8615921196687
+8613311799771
+8615919079457
+8613455558114
+8613018381391
+8613534876727
+8613143187790
+8613806181186
+8613352985298
+8613985137225
+8613905599286
+8613075763727
+8613325030588
+8613911613159
+8613410944109
+8613692268515
+8613120607197
+8613132903162
+8613505253181
+8613626161007
+8613089058776
+8613843605837
+8613632077829
+8613207950765
+8613164525099
+8613152906498
+8613601918844
+8613776966295
+8613701636456
+8613784499616
+8615953426765
+8613691614054
+8613276930345
+8613709203987
+8613317334488
+8613832118932
+8613035208625
+8613596545395
+8613661994943
+8613661316690
+8613425689752
+8613427789772
+8613600047492
+8613903659828
+8613510477796
+8613843603530
+8615950749960
+8613266553003
+8613066745324
+8613978499631
+8613510542018
+8613307882101
+8613065723702
+8613807832859
+8613080915012
+8613229284009
+8613381101225
+8613002223222
+8613750857136
+8613867559119
+8613981155058
+8613812461625
+8613973529652
+8613578948578
+8613092948921
+8613501590525
+8613526124499
+8607718665543
+8613857927906
+8613807022044
+8613904502071
+8613892139203
+8613983001269
+8613643237989
+8613507390843
+8613809546282
+8613105244775
+8613386267406
+8613000968562
+8613041159939
+8613431688683
+8613041159539
+8613109012697
+8613305740366
+8613988505533
+8613600994100
+8613957302444
+8613092662713
+8613964830962
+8613765932565
+8613066291422
+8613391879595
+8613544543218
+8615858539366
+8613172655982
+8613901693609
+8613580548380
+8613858422889
+8613935286000
+8607572631917
+8613006348073
+8613589901589
+8613942063121
+8615817824191
+8613877159015
+8613505936971
+8613711242411
+8613705888316
+8613583378573
+8613809822780
+8613982052991
+8613005837363
+8613925184331
+8613969362017
+8613560096585
+8613813389733
+8613645650789
+8613893806561
+8613588045588
+8613681380175
+8613961160983
+8613937787960
+8613906790707
+8613152501323
+8615805432478
+8613703966218
+8613044470045
+8613059701192
+8613754889139
+8613881846909
+8613682601030
+8613993658811
+8613798271669
+8613891361977
+8613599526018
+8613907457286
+8613632499464
+8613828987564
+8613983316619
+8613587673689
+8616981268741
+8613413360229
+8613801712880
+8613435979768
+8613968953333
+8613933705521
+8613305109800
+8613534155737
+8613382278165
+8613328667797
+8613682422433
+8613701224656
+8613608298991
+8615945178088
+8613937589192
+8613765139599
+8613057261988
+8613079696618
+8613906080678
+8613857339703
+8613802951985
+8613954199338
+8613940457337
+8613903716682
+8613857524086
+8613941884018
+8613577328466
+8613301480008
+8613938309111
+8613770729777
+8613889168089
+8613467509653
+8615935240806
+8613888123742
+8613193721970
+8613600093562
+8613227278406
+8613904994269
+8613957650596
+8613608877055
+8613964293279
+8613562099188
+8613805200515
+8613519109790
+8613521345678
+8613883837230
+8613856359997
+8613956826606
+8613945316420
+8613914760315
+8613842914459
+8613586020013
+8613855795363
+8613923769730
+8613096851237
+8613335832066
+8613395733136
+8613359997763
+8615987665856
+8602215822192
+8615822192870
+8613340725162
+8613816186415
+8613503936324
+8613556849950
+8613838618229
+8613011561686
+8613929931317
+8613538845619
+8604398906047
+8614398906047
+8613903796648
+8613057555249
+8613631550339
+8603796575567
+8615823408819
+8613827010727
+8613670024679
+8613729046871
+8613789209888
+8613517556668
+8613356563820
+8615961651919
+8613807081619
+8613909566353
+8613907081619
+8613002171221
+8613879061021
+8613910839839
+8613633087363
+8615956100999
+8613608846777
+8613806860541
+8613995026115
+8613801039648
+8613178208062
+8613627293456
+8613507282788
+8613934078118
+8613946005595
+8613995414777
+8613971720877
+8613736694833
+8613818397028
+8613188602125
+8613739062973
+8613861382082
+8613908279988
+8613898413471
+8613317738919
+8613919298889
+8613983001572
+8613837731619
+8613562818877
+8613867245771
+8613993193206
+8613304514603
+8613603556669
+8613864443135
+8613505252928
+8613863838252
+8613967909959
+8613807495558
+8613940583119
+8613962629590
+8613702879095
+8613351113223
+8613809777017
+8613936590718
+8613712662289
+8613761127958
+8613682204079
+8613882122943
+8613919067869
+8613866360076
+8613179722228
+8613902306253
+8613001680184
+8615810392919
+8613662242257
+8613851176029
+8613892829000
+8613893653098
+8613953155688
+8613611277563
+8613940156833
+8613620429196
+8613296380307
+8613501510579
+8613949310877
+8613635821389
+8613564725592
+8613879157248
+8613888765180
+8613300000001
+8613676539339
+8613902701153
+8613171593968
+8615952350656
+8613602634447
+8613905758947
+8613503073614
+8613115989138
+8613705967987
+8613957192592
+8613852638326
+8613713128593
+8613821657727
+8613580333246
+8613917035954
+8613710808098
+8613539647866
+8613986883717
+8613884525855
+8613055186310
+8613718714669
+8613705699158
+8615932114592
+8613825711215
+8613715451538
+8613975435306
+8613605742561
+8613706292951
+8613316838805
+8613888083645
+8613975290067
+8613266664546
+8613571669932
+8613307021838
+8612322165108
+8613273046153
+8613637863555
+8613504840635
+8613625267117
+8613641359287
+8613852922858
+8613905765475
+8613632180108
+8613501658940
+8613308182667
+8613928481298
+8613817939372
+8613305717666
+8613974690521
+8613802758928
+8613879511904
+8613396422872
+8613872476619
+8613967392000
+8613480910581
+8613561475058
+8613701985580
+8613600580068
+8613829365768
+8613764590700
+8613929574012
+8613542290355
+8613831986015
+8613804695919
+8613590132156
+8613325169368
+8613206335155
+8613287980877
+8613823586359
+8613851569578
+8613909107803
+8613480918321
+8613910183887
+8613723789987
+8613859515831
+8613968802813
+8613537212306
+8613697008459
+8613583863819
+8613020166679
+8613807110199
+8615951805353
+8613506181018
+8613810060267
+8613517230616
+8613682354571
+8613514205802
+8613598239127
+8613607732329
+8613723696868
+8613049420925
+8613682359042
+8615928587611
+8613176106009
+8613606801678
+8613888520868
+8613580510736
+8613888520865
+8613840085188
+8613671533663
+8613422608771
+8613331928516
+8613268134631
+8613586291825
+8613788323735
+8613652499768
+8613560783939
+8613868002618
+8613702854298
+8613808304414
+8613556858231
+8615914820018
+8612087349684
+8613853200912
+8613961770929
+8613510372211
+8613002412898
+8613001193240
+8613903712332
+8613246612128
+8613857792361
+8613622827009
+8613281818774
+8613706941678
+8613046781203
+8613907924488
+8613580372567
+8613946547080
+8613576281228
+8613359999678
+8613901851079
+8613757367668
+8613521865316
+8613728953871
+8613778880768
+8613912506267
+8613817108829
+8613306361177
+8613979658889
+8613710272802
+8613006608836
+8615921368590
+8613923781592
+8613319504918
+8613790568918
+8615873142671
+8613256947443
+8615859216577
+8613904018683
+8613809519116
+8613802225059
+8613642887429
+8613915237890
+8615940603424
+8613198186205
+8613509116584
+8613008908908
+8613954606995
+8613998851424
+8613462124369
+8613156298557
+8613011398567
+8613727882006
+8613646783845
+8613303516945
+8613823152288
+8613509999315
+8613551580018
+8613833611496
+8613587621176
+8613707458991
+8613776279785
+8613793660309
+8613923794545
+8613704421255
+8613899331881
+8613868077629
+8613723847058
+8613385192965
+8613567878155
+8613700009116
+8613939067719
+8613566781025
+8613873404039
+8613412050448
+8613507608308
+8613337807893
+8612332112355
+8613973909701
+8613847114096
+8613537052075
+8613917675858
+8613969837613
+8613356897418
+8613194741211
+8613804897779
+8607456871909
+8613652761111
+8613688681601
+8613982581236
+8613319001959
+8613629222111
+8613905711016
+8613888130666
+8613085545839
+8613808480692
+8615901319979
+8613501299906
+8615063511766
+8613550333365
+8613874392915
+8613676828528
+8613999825777
+8613931025703
+8613700303127
+8613711960765
+8613815988592
+8615063511776
+8613928223386
+8613397171957
+8613574392915
+8613946089399
+8613873459807
+8613880249598
+8613612344086
+8613871581128
+8613897907649
+8613874250440
+8615928692339
+8615945205933
+8613924589412
+8613194169900
+8613556750898
+8613761258215
+8613929900047
+8613683997160
+8613767235283
+8613579627229
+8613871081523
+8613009118969
+8613507056698
+8615937545555
+8613911517817
+8613584567867
+8613857154556
+8613834552252
+8613907655369
+8613642043971
+8613806242162
+8613953937651
+8615900551851
+8613835971969
+8613510887874
+8613056474088
+8613542441511
+8613621664466
+8613519353251
+8613641702298
+8613936293038
+8613918679144
+8613952476086
+8612345678908
+8613397198065
+8613718098032
+8613764275483
+8613951653287
+8613926717180
+8613052328636
+8613777700588
+8613602802315
+8613899281526
+8613566992123
+8613979055402
+8613658150552
+8613617404131
+8613133370618
+8613767750580
+8613770760017
+8613428781786
+8613982179788
+8613987693459
+8613995365680
+8613311966791
+8613898284882
+8613524573522
+8613611315627
+8613692210964
+8613552738624
+8613893434447
+8613131091682
+8613974349777
+8613155432343
+8613511255136
+8613913999768
+8615851698368
+8613639809966
+8613307944206
+8613844027581
+8613911639398
+8613206868656
+8613960826207
+8613548827738
+8613678970192
+8613932186213
+8613679701923
+8613116670788
+8613233943878
+8613164832638
+8613569727201
+8613571707070
+8613905230991
+8613880895695
+8613973182966
+8613948042088
+8613764497017
+8613868721069
+8613671225758
+8613757966133
+8613451956982
+8613757376962
+8613935981169
+8613850086186
+8613696962188
+8613916122214
+8615874591812
+8613370911879
+8613763893135
+8613918991649
+8613066008856
+8613962952195
+8613845335552
+8613600216535
+8613846665960
+8613267778008
+8615989977817
+8613589976118
+8611317790001
+8613862660790
+8613675948443
+8613392470083
+8613608020640
+8613346276898
+8613561006836
+8613904043577
+8613361506836
+8613537587444
+8613186167018
+8613803356085
+8613089588565
+8613969231349
+8613323205283
+8613103715057
+8613177028638
+8613865495593
+8613121062853
+8613098262534
+8613867338818
+8613282710970
+8613152825999
+8613809201217
+8613031212577
+8613236703079
+8607138969028
+8613034483544
+8613918481089
+8613166149664
+8615899495416
+8613556120660
+8613803474958
+8613502863726
+8613815560785
+8613801013083
+8613871543660
+8613716957695
+8613336636921
+8613439757007
+8613405903079
+8613716957699
+8613606116621
+8613775125128
+8613833175668
+8613562018776
+8613564182018
+8613536471631
+8613381263918
+8613989325445
+8613611212812
+8613454940862
+8613867846260
+8613004633466
+8613760666001
+8613059314883
+8613605535969
+8613556893796
+8613002204686
+8613570865985
+8613933850209
+8613408086319
+8613322115723
+8675786433233
+8684633233075
+8613273129583
+8613671255182
+8613850913819
+8613574941193
+8613952011550
+8613872762430
+8613719633614
+8613953629296
+8615961170268
+8613875150648
+8615853412278
+8613605375669
+8613599505945
+8613705151510
+8613615577685
+8613389272234
+8613502079028
+8613902840117
+8613054677228
+8613503709077
+8613686983586
+8613557016001
+8613766915618
+8613992998663
+8615920173418
+8613377452999
+8613873615939
+8613851055022
+8613581436698
+8613905846660
+8615905395188
+8613138645671
+8613027005252
+8613520733037
+8613527433037
+8613902976345
+8613931866791
+8613305158897
+8613655030581
+8613920802259
+8613540918182
+8613873502809
+8613572955559
+8613901174155
+8613489033795
+8615917427358
+8613166233119
+8613641986975
+8613502090650
+8612332112312
+8613801285921
+8613974883144
+8613873143777
+8613556115459
+8615977675878
+8613901904591
+8613985278339
+8613053005725
+8613695656627
+8613662424089
+8613925575078
+8613951614306
+8613488738450
+8613975767642
+8613318978505
+8613310505777
+8613968638066
+8613902385382
+8613980219783
+8613331997929
+8613974735352
+8613745678123
+8613540019546
+8613661456129
+8613960368883
+8613886813608
+8613637870540
+8613692503302
+8613671842075
+8613870695206
+8613937928022
+8613984001687
+8613423870529
+8613688024566
+8613005916096
+8613359162085
+8613889287489
+8613620831526
+8613957816199
+8615629378936
+8613017625008
+8613302207341
