+8613560352081
+8613804065030
+8613703039980
+8613596483453
+8613877169029
+8613560396651
+8613087368582
+8613922161133
+8613802234694
+8613527069676
+8613805883689
+8613323520002
+8613504215991
+8613307907156
+8613760047680
+8613947788430
+8613962398787
+8613979123177
+8613726651027
+8613708751501
+8613532884458
+8613828048138
+8613991869297
+8613713190087
+8613902821606
+8613427465287
+8613676871155
+8613926015919
+8613806417159
+8613826351919
+8613669823383
+8613509580006
+8613832505931
+8613533198989
+8613118669968
+8613901534148
+8613941342348
+8613983385535
+8613776940238
+8613571966616
+8613738637732
+8615873478556
+8613602664885
+8613803368113
+8613506466666
+8613765000016
+8613852485344
+8613249748940
+8613406294014
+8613826851134
+8613621217597
+8613053708066
+8613658187556
+8613009020611
+8613093740912
+8613319983159
+8613826057603
+8613822252989
+8613480255277
+8613588776613
+8613984172333
+8613805313689
+8613038108550
+8613803818527
+8613309098855
+8613809087536
+8613139078960
+8613372315289
+8613757143288
+8613986542356
+8613695442871
+8613126479927
+8613013007830
+8613594163258
+8613802964416
+8613714748611
+8613911111111
+8612345678900
+8613538549657
+8613910992245
+8613963866061
+8613810404921
+8613580771302
+8613706105765
+8613335881393
+8613864388540
+8613701728335
+8613506838871
+8613826098259
+8613955627378
+8613813170558
+8613653067788
+8613539880660
+8613982287237
+8613016705871
+8611122222223
+8613505458768
+8613828369669
+8613609596106
+8613828369469
+8613921070909
+8613105437071
+8613615859863
+8613982526566
+8613581704391
+8613873170526
+8613389262900
+8613916136663
+8615864176686
+8613102591788
+8613958301674
+8613318819955
+8613329152915
+8615800017733
+8613304506699
+8613852975295
+8613925798560
+8613682287237
+8613763027383
+8615999689816
+8613330952266
+8613365565168
+8613185305779
+8613854061919
+8613575614296
+8613805784768
+8613805373004
+8613603877778
+8613109453234
+8613308491764
+8613807349163
+8604728119587
+8613777951881
+8613702485541
+8613621824790
+8613218381860
+8613588871020
+8613688862350
+8603122215968
+8613926583179
+8613772823080
+86051251876629
+86037161832139
+8613761504791
+8613901251791
+8607146267704
+8613643866328
+8605725051487
+8605725051611
+8605334131613
+8605352798276
+8613870898341
+86037766763069
+8613828697168
+8615914219370
+8613788680292
+8605725602733
+8613641681070
+8602349908428
+8613474438214
+86051266331212
+8613501877110
+8613590371807
+86045188514400
+8613904614834
+8615958107353
+8613251161978
+8613977299988
+8613801137674
+8613590606629
+8613333436698
+86031503688140
+8613713209583
+8615899396189
+8613179488290
+8607587756860
+8613305733126
+8613790403226
+8613908461530
+8613568809113
+8613761446610
+8613316681880
+8613857123637
+8615976269728
+8613892801866
+8613503129898
+8613724369068
+8613824306008
+8613849180053
+8613225130293
+8613584854521
+8613670525476
+8613002082922
+8613973599420
+8613501520436
+8613716922869
+8607663789033
+8613250041480
+8613660010399
+8613518454495
+8613986832940
+8613838206678
+8613520575660
+8613594805156
+8613838502665
+8613622749061
+8613386499287
+8613018112967
+8613951640229
+8613707898060
+8613987395860
+8607756849732
+8613995208561
+8613542249633
+8613095475784
+8613736931169
+8613808105480
+8613396818898
+8613303726676
+8613632066089
+8615923997716
+8613874951018
+8613031114231
+8613990233100
+8613532225822
+8613970210672
+8613566028095
+8615991982518
+8613974182060
+8613561176153
+8613608103563
+8613539990688
+8613870695851
+8613605390051
+8615984627228
+8613583708437
+8613050077198
+8613939876616
+8613500158830
+8615971068988
+8613786931555
+8608335964040
+8613913990368
+8613404333332
+8613901578800
+8613609125908
+8613505379565
+8613463639555
+8613302557477
+8613809824055
+8613666258830
+8613601558570
+8613902294528
+8613903039610
+8613067793008
+8613809642952
+8613802551859
+8613526504279
+8613738085659
+8613214617468
+8613816388899
+8613320210645
+8613823569908
+8613336908728
+8613715632497
+8613387936818
+8613909232333
+8613110055088
+8613859721698
+8613652786708
+8613752159000
+8613902834345
+8613588168755
+8613961667529
+8613070266336
+8613701789113
+8613928288366
+8613923806619
+8613906131593
+8613802668889
+8613355318561
+8613906249227
+8613909207622
+8613973188958
+8613506518187
+8613753949053
+8615937096889
+8613809812398
+8613533336820
+8613801858088
+8613605771801
+8613506240280
+8613960672133
+8613703252960
+8613960603927
+8613801646940
+8613392145543
+8613700138811
+8613802443977
+8613923362650
+8613503350238
+8613650093715
+8613929987260
+8613902855133
+8613865632088
+8613801323800
+8613869117178
+8613702521900
+8613701125228
+8613802585831
+8613940466629
+8613679828829
+8613926008288
+8613903030999
+8613081635878
+8615874500339
+8613420757813
+8613304283508
+8613960331189
+8613361888110
+8613979379558
+8613922840351
+8613904840001
+8613928881133
+8613622816703
+8613802811026
+8613923768967
+8613839250783
+8613906908830
+8613863920011
+8613702541521
+8613902748729
+8613910154118
+8613926109374
+8613477527408
+8615947753707
+8613868655899
+8613985187716
+8613700509797
+8613922106118
+8613702224031
+8613603100058
+8613561702815
+8613869886279
+8613702427663
+8613823817290
+8613613843894
+8613959730999
+8613902842929
+8613239730515
+8613711643622
+8613963437777
+8613916952436
+8613878679449
+8613510318586
+8613701101779
+8613997558745
+8613907710213
+8613603070946
+8613815234326
+8613857076191
+8613955169721
+8613506413345
+8613724830010
+8613802646343
+8613706680208
+8613610001010
+8613427288098
+8613579507505
+8613938518933
+8613805547159
+8613197715320
+8613958020956
+8613922392863
+8613592286985
+8613670010961
+8613316039633
+8613670600517
+8613924680368
+8613908209295
+8613912636599
+8613928686038
+8613923458893
+8613857409750
+8613378670006
+8613809815776
+8613602979834
+8613502271254
+8613912250260
+8613700785849
+8613601750532
+8613851528183
+8613785128898
+8613413109001
+8613916997182
+8613954583598
+8613854569936
+8613234009279
+8613357563810
+8613711553418
+8613500014952
+8613702966796
+8613922603768
+8613593663994
+8613852907772
+8613321321528
+8613706117329
+8613602340801
+8613302832866
+8613548562323
+8613327060898
+8613506328199
+8613588633123
+8613706329288
+8613602934582
+8613840375155
+8613807795222
+8613509469888
+8605757803338
+8613500140395
+8613662311525
+8613510698803
+8613332933698
+8613845051977
+8613928592838
+8613829989218
+8613901198348
+8613874018689
+8613364980900
+8613908157023
+8613556616982
+8613962208398
+8613209965212
+8613809502821
+8613393529147
+8613506770056
+8613901657990
+8613705799318
+8613999008550
+8613986556876
+8613727427325
+8615937123208
+8613959770988
+8613912013788
+8613930815208
+8613802495721
+8613554913550
+8613605808663
+8613531268321
+8613868916611
+8613612283040
+8613539803298
+8613809701908
+8615976266082
+8613606759911
+8613601262898
+8613325369158
+8613416392083
+8613923140151
+8613500286468
+8613923163132
+8613928693922
+8613542163088
+8613911091318
+8613824019888
+8613577178002
+8613928591347
+8613849469969
+8613827068230
+8613906770502
+8613530685980
+8613904987979
+8613879508118
+8613502981678
+8613602842160
+8613727407781
+8613509966154
+8613918587077
+8613302879553
+8613902374633
+8613644332091
+8613527790500
+8613820731098
+8613723333401
+86057387206573
+8613507732957
+8613902500348
+8613817551297
+8613605742065
+8613050181157
+8613318882000
+8613770772271
+8615801628086
+8613261736266
+8613321699568
+8613986298282
+8613825567875
+8613928370018
+8613701588176
+8613707372736
+8613701515353
+8613122421890
+8613802652138
+8613908329049
+8613920829337
+8613841120218
+8613931088527
+8605755916218
+8613941158399
+8613128651094
+8613961272626
+8613352828263
+8613258175293
+8613691896934
+8613561938589
+8613975115656
+8613809170128
+8613305776862
+8613827724533
+8613422316902
+8613637591861
+8613819939888
+8613503840881
+8613589528508
+8613956391628
+8613869205899
+8613610059182
+8613612544150
+8613193129662
+8613866540647
+8613819925086
+8609945895000
+86075783181990
+8613467341288
+8613016911226
+8613768112838
+8613502188874
+8613117971853
+8613576425156
+8613510111480
+8613809311650
+8613435080282
+8613150519106
+8613036943758
+8613930185607
+8609028603786
+8613182636152
+8615925006766
+8613760450559
+8613953286686
+8613724913721
+8613978619855
+8613974655380
+8613960704448
+8613934603200
+8613068564089
+8613569051538
+8613355387001
+8613317610893
+8613711546616
+8613924825171
+8613922289929
+8613926809969
+8613077535016
+8615953656988
+8613064476797
+8613553675919
+8613823938285
+8613967569858
+8613942595665
+8613917471668
+8613960657321
+8607733952750
+8613104469575
+8613923185508
+8613318261236
+8613637389268
+8615966260799
+8613103660758
+8608302658288
+8613574982255
+8613819009224
+8613668478355
+8613594773638
+8613540505326
+8613649919000
+8613852148796
+8615873700796
+8613954521006
+8613612255688
+8613054670145
+8613952215557
+8613697861775
+8615964020203
+8613114849226
+8613556917889
+86059187129803
+8613983237231
+8613831106030
+8613606922908
+8613953891106
+8613906060299
+8613562321879
+8613362849305
+8613339859301
+8613919299970
+8613031737538
+8613785721205
+8613961682337
+8613779706028
+8613725927812
+8613597339032
+8613030245668
+8613355377882
+8613549839388
+8615832509026
+8613663870612
+8613775592281
+8613111769777
+8613725564086
+8613002369980
+8613512555496
+8613711733871
+8613609589777
+8613672428900
+8613926870832
+8613502332084
+8613793132768
+8613862388509
+8613906269178
+8613643018458
+8613952259885
+8613501109438
+8613826805215
+8613911772577
+8613702622481
+8613802387328
+8613793322369
+8613906787599
+8613902841163
+8613995501433
+8613801192505
+8613701068939
+8613830798016
+8613859998631
+8613905027536
+8613928600088
+8613704239999
+8613288577888
+8613860411399
+8613970980272
+8613843924399
+8613595219919
+8613710820920
+8613807711329
+8613653878677
+8613542517821
+8613679746668
+8613985087887
+8613912961819
+8613509610698
+8613355835911
+8613533966742
+8613901548190
+8613807318409
+8613602848681
+8613851276529
+8613601213382
+8613910333376
+8613907862273
+8613632325766
+8613828987777
+8613902218901
+8613605777969
+8613985455813
+8613609160764
+8613338708181
+8613902334112
+8613095738078
+8613705007836
+8613853009918
+8613902382306
+8613702591563
+8613735209990
+8613908585002
+8613709965526
+8613802923691
+8613101260116
+8613175950489
+8613607316911
+8613901570902
+8613705999590
+8613910580483
+8613381498101
+8613993761303
+8613804509568
+8613967133578
+8613622567787
+8613902352210
+8613568021999
+8613809776216
+8613915520770
+8613791124876
+8613306514588
+8613880810819
+8613862022327
+8613305160231
+8613827848777
+8613902263367
+8613006990999
+8613702369575
+8613908119266
+8613609661670
+8613316681200
+8613978337333
+8613922107766
+8613606705389
+8613911468798
+8613777804292
+8613823051811
+8613802977972
+8613712194690
+8613509217222
+8613539231922
+8613603020456
+8613909438518
+8613825248376
+8613953200216
+8613051275985
+8613816866606
+8613929019888
+8613703066883
+8613706436031
+8613899299707
+8613609079016
+8615902963055
+8613953221938
+8613305828222
+8613821825768
+8613512353884
+8613607693240
+8613687609937
+8613902834120
+8613820910889
+8613703064065
+8613951701721
+8613802667077
+8613727573206
+8613588353350
+8613172277801
+8615993571326
+8613866966973
+8613906511840
+8613534828819
+8613016188479
+8613458691327
+8613505203890
+8613501991504
+8613712558899
+8613711512633
+8613885382266
+8613511335533
+8613805881452
+8613586297628
+8613602842473
+8613640932196
+8613905848978
+8613679807822
+8613810371257
+8613973636568
+8607178652348
+86059183225545
+8613612742233
+8613556018106
+8605735331505
+8613632666619
+8613304270437
+8613573820663
+8613907139505
+86051686735825
+8613714462809
+8613182869375
+8613918288302
+8613917262258
+8613912250588
+8613504235938
+8613774698165
+8613111562180
+8613949952478
+8613805693109
+8613391967936
+8613380323789
+8613907451474
+8613205268029
+86037166666666
+8605338705598
+8613764509018
+8613698996125
+8613357176328
+8603198500055
+8613600194271
+86037965656185
+8613366981614
+8613702208037
+8613309468201
+8613003353597
+8613233221151
+8613917418888
+8613816646355
+8613760300559
+8613838389840
+8613801861275
+8613425150193
+8609323954982
+8613738618181
+8613822344568
+8613922313888
+8613738594750
+8613828161179
+8613396024284
+8613921708735
+8613811293795
+8607602878062
+8613922868595
+8613919218018
+8613655337375
+8613355960432
+8613838339533
+8613577484777
+8613502321328
+8613835767874
+8613522803970
+8613074093655
+8613922154900
+8613502971593
+8613691740140
+8613556182850
+8613569252213
+8613714313415
+8613505999215
+8613677082858
+8613915009274
+8613860094636
+8613724196905
+8613858559082
+8613951082185
+8613620072011
+8613570398301
+8613132052551
+8613093082357
+8613905741408
+8613736888822
+8613339943454
+8613482306771
+8613542003571
+8615931992592
+8613349952807
+8613922477186
+8613923288813
+8613427841241
+8613661527826
+8613657269016
+8613048341669
+8613586288623
+8615953739110
+8613962352811
+8613390829639
+8613715209968
+8613705056685
+8615926012044
+8613970392512
+8613981229402
+8613830165861
+8613658162020
+8613323219809
+8613535713936
+8613137915959
+8613412466966
+8613962501109
+8613750798801
+8613696917509
+8613872101234
+8613960701929
+8613176839695
+8613249887188
+8613860839551
+8613780520942
+8613431504357
+8613599001994
+8613720666651
+8613766661366
+8613155451186
+8613700236903
+8613537606762
+8613014583710
+8613736304432
+8613662771797
+8613430964932
+8613507016023
+8613632662859
+8613954168327
+8613888456092
+8613814480805
+8613183399315
+8613811910729
+8613780133224
+8613825206577
+86051261520979
+8613509996171
+8613579959808
+8615913694568
+8613714772638
+8613456376123
+8602126268585
+86awdx55
+8651261520979
+8613373697369
+8602762437613
+8602362181378
+8613805507106
+8613827721266
+862280066
+8613681586796
+8607962280066
+8613193044802
+8613827510938
+8613661163698
+8613908531115
+8613858186986
+8613853865678
+8613590486820
+8613725288526
+8613682005729
+8613619288318
+86051082677719
+8613867301683
+8613585144248
+8613783100143
+8607602983062
+8613621217928
+8602881860578
+86051256086258
+8613505319031
+86071307130713
+8612345671234
+8607546822320
+8615851376399
+8613564347566
+8602033900488
+8613631595358
+8613605851070
+8613342112020
+86075529875222
+8613775547366
+8613761137068
+869393639838
+8613632725140
+8613408236816
+8613367085536
+8613826810108
+8613907441926
+8613905721952
+8613105948018
+8613845459888
+8613908588266
+8613928468739
+8613715059466
+8613502132818
+8613056367192
+86076983153255
+860513898620
+8613067012032
+8605727812346
+8613952738666
+86889988991179
+86051260659109
+8613390367488
+8613764233100
+8613595425591
+8607533993622
+8613573263039
+8613097313101
+8615988055286
+8608346611276
+86037166543293
+8613986917915
+8613714694190
+8605306033011
+8613808927859
+8613757995223
+8613922916864
+8613588763306
+86074681927670
+8613916031833
+8613777523725
+8603188182888
+8613520605674
+8613825259042
+8613682777330
+8613330018888
+8602033360325
+8613321330925
+86053285848570
+8605327758521
+8607592152787
+8613025384268
+8613650190333
+8613527828223
+8613402121776
+8601081688310
+8613725161449
+8613619035600
+8613167086081
+8613559793071
+8613481054486
+8607436140198
+8605355293666
+8613328565839
+8613606138062
+8607434264488
+8613794953762
+8602762072915
+8613860744988
+8613548533536
+8613987608951
+8613967607380
+86051262873216
+86051689498989
+8613922708791
+8613875915918
+8613886723212
+8613604988206
+8613205777200
+8613995565848
+8613838810624
+86057685222269
+8602880826004
+8605112686740
+8602866902576
+8613939638566
+8603352162889
+8613833481088
+8613711631433
+86075581842097
+8613505912310
+8613589696135
+8613912688911
+8613968052799
+8613908656639
+8613600707977
+8613089018195
+8613724997072
+8613671759518
+8613186111683
+8613036696193
+8613816468663
+8613677979306
+8613971146502
+8613901932960
+8613968329908
+8613816179916
+8613771460535
+8613930534135
+8613671766063
+8613510590399
+8613545352520
+8613670403590
+8613562975988
+8613042069510
+86freetax
+8613302250250
+8613318326444
+8613363990328
+8613006007777
+8613779771818
+8613902643470
+8613621970916
+8613328598888
+8613361337619
+8613817525010
+8613410393456
+8613506321855
+8613356057133
+8613353032818
+8613901800372
+8612345678910
+8613711508499
+8613806822868
+8613710900031
+8613808483828
+8613926609999
+8613336145978
+8613112640033
+8613489258080
+8613437010101
+8613660256453
+8613611428775
+8613366060203
+8613957670589
+8613599273011
+8613705296533
+8613868818956
+8613210195270
+8613100450008
+8613854120556
+8613564932095
+8613486644952
+8613699999999
+8613912661623
+8613388888888
+8613735605766
+8613306920377
+8613758806688
+8613782681642
+8613908131838
+8613896792136
+8613616989999
+8613399711616
+8613707996320
+8613526513363
+8613300123421
+8613726385919
+8613146116789
+8613725003777
+8613723705812
+8613909658998
+8613606319080
+8613570707870
+8613013716696
+8613826700112
+8613045623411
+8613822653880
+8613971423634
+8613506350888
+8615914112074
+8613702555330
+8613764210739
+8613728545765
+8613757869745
+8613720836996
+8613871763959
+8613987613975
+8613910898252
+8615986330668
+8613996421954
+8613786694886
+8613916219495
+8615970651544
+8613928600202
+8613184478191
+8613990333197
+8613923750892
+8613424595259
+8613676348015
+8613119583408
+8613606192838
+8613962536828
+8613765262008
+8613759113297
+8613950194360
+8613371497786
+8613602622736
+8613346611717
+8613606322395
+8613345633214
+8613952433863
+8613773677193
+8615319413087
+8613182891612
+8613066229542
+8613576228948
+8613860000000
+8613787451253
+8613854877859
+8613435351918
+8613611239990
+8613651905026
+8613692265053
+8613101303626
+8613409168818
+8611950638930
+8613736708703
+8613187059868
+8613801755632
+8613973343060
+8613210008252
+8613207777777
+8613822039383
+8613857409611
+8613505100623
+8613872612981
+8613552095805
+8613189570110
+8613502694713
+8613830755680
+8613640993782
+8613264983793
+8613856210760
+8615990818100
+8613928662681
+8613363981393
+8613545223331
+8613148896137
+8613925770846
+8613481173054
+8613799526878
+8613670130713
+8613378607139
+8613508665555
+8613843146925
+8613877038736
+8613964164068
+8613715689636
+8613751720668
+8613210310504
+8613798098022
+8613709615301
+8613678938898
+8613962337530
+8613801237721
+8613902315859
+8613915468950
+8613065370239
+8613709627960
+8613981336756
+8613932102000
+8613702227197
+8613874840245
+8613926260359
+8613005893601
+8613977105310
+8613158881781
+8613009222155
+8613250975551
+8613952431862
+8613597317288
+8613337786651
+8613953179677
+8613714718796
+8613054608517
+8613713136187
+8613823858069
+8613020274503
+8613879118273
+8615971116889
+8613816322020
+8613983517666
+8613930907631
+8613539828080
+8613815998893
+8613583623758
+8613957972119
+8615805466887
+8613906357706
+8613505347955
+8615318163160
+8613907783788
+8613813789191
+8613945387779
+8613962033231
+8615953116868
+8613888820381
+8613973167618
+8613535744322
+8613976529077
+8613311581526
+8613802862280
+8613502407380
+8613827032088
+8613365332272
+8615908181206
+8613719199618
+8613825730086
+8613325873561
+8613662195267
+8613386679091
+8613916545332
+8613139270719
+8613510320075
+8613809008881
+8613971073700
+8613685764018
+8613623286075
+8613846285018
+8613711000062
+8613857977605
+8613925413821
+8613326254897
+8615997107888
+8613862700099
+8615966373738
+8613878799811
+8613606677220
+8613338726965
+8613026702901
+8613706526088
+8613828451567
+8613809251886
+8613588466505
+8613862589000
+8613901568331
+8613826257780
+8613812608758
+8613827722088
+8613902201676
+8613549994888
+8613686916638
+8613826148322
+8613525484081
+8613902791552
+8613758491746
+8613520806658
+8613588557065
+8613098837358
+8613621503266
+8613851621278
+8613929530088
+8613798745101
+8613953545508
+8613670156999
+8613111503561
+8613608969250
+8613553319972
+8613633938199
+8615981172138
+8613902593060
+8613905856180
+8613017160212
+8613002927150
+8613905636398
+8613757689730
+8613883700269
+8613568513966
+8613868223236
+8613507904960
+8613725189189
+8613621324348
+8613311658211
+8613175009568
+8613652026909
+8613009266566
+8613901894311
+8613383414212
+8613888170788
+8613901191092
+8613598832867
+8613003391628
+8613305718868
+8613505862899
+8613859563071
+8613511333737
+8613880828323
+8613799722287
+8613659537740
+8613318211743
+8613504062978
+8613903923551
+8613724837437
+8615951183788
+8613313689073
+8602767167202
+8613970168888
+8613507124665
+8603111389123
+8613328295105
+8605928636828
+8613536813949
+8613633169927
+86051261066968
+8608138866318
+8613127575927
+8613872592429
+860288990966
+8613932475696
+8605988682890
+8613799980318
+8602762418339
+8613532616442
+8613848833200
+8613506118832
+8605393221051
+86075781368272
+8613957170558
+8613907350011
+8613755191066
+8613056381193
+8613714613476
+8613972536586
+8613795213560
+8613959950886
+8613044168704
+8613200234569
+8613972084811
+8605398185541
+8613950759575
+8613859463398
+8613837520379
+8613588466570
+8613706718737
+8613113997010
+8613950183048
+8613544556677
+8613736150886
+8613071244531
+8613396055912
+8613670122872
+8613127801657
+8613711190186
+8613911866460
+8613085391866
+8613628165221
+8613303488268
+8613712228844
+8613720534592
+8613795399592
+8613551826262
+8613075202233
+8613244755383
+8613926531220
+8607535993004
+8613684393361
+8613718897701
+8613500203126
+8613999924970
+8613931939865
+86059187938231
+8613008073908
+8613230009888
+8613017910043
+8615964231235
+8613611265386
+8613623517734
+8613916935603
+8613706229200
+8613785056911
+8613561331425
+8613871061988
+8613805157618
+86051985719846
+8613827153828
+86051250910098
+8605372397575
+8613739063831
+8613450005179
+8609343301987
+8613269067987
+8613980595158
+8613845812800
+8615940079778
+8613774220816
+8613974841241
+8613855426223
+8613708240269
+8613679563830
+8613632264889
+8613818730759
+8613585085895
+86051588923118
+86051250188635
+8613298283468
+8613988306268
+8601066411738
+8613669552237
+86059586859780
+8613823164461
+8613661653583
+8613928480980
+8613846122200
+8602129263626
+8613706305770
+8613953916513
+8613768592188
+8613755868877
+8613751044029
+8613301229703
+8615927228707
+8613710013393
+8613972772951
+86076984873197
+8613669527907
+8613807521838
+8613620811630
+8613136190699
+8613131771202
+8613620811631
+8613034385484
+86057782090393
+86051783965898
+8613466508622
+86075683882146
+8613176899569
+8605802589652
+8613412393365
+8601081125013
+8613616045461
+86037965309001
+8613326344102
+8613997890191
+8613396692118
+8613965255199
+8613555666600
+8613882166573
+8613803523377
+8613366950701
+8613782207116
+8613824250394
+8613548565542
+8613706082912
+8613971219970
+8613509818910
+8613003649617
+8613708363500
+8613300000000
+8613333333331
+8602088137586
+8613253033325
+8613934227665
+8613505471036
+8602366822662
+8613809877988
+8613611614719
+8613577282383
+8602867108172
+8604332654141
+8613272603238
+8613912685887
+86045188888888
+8613360573918
+8613807344708
+8613333722202
+8613811400454
+8613857082039
+8613798326788
+8613930555117
+8602880589658
+8613005962185
+8613388162086
+8613910696615
+8613878403213
+8602031090916
+8613921398056
+8613423528147
+8613677694278
+8613803110030
+8613856163336
+8613576681198
+8613511232888
+8613375717198
+8613670531005
+8613814618555
+8613958301673
+8613984286166
+8613971940321
+8613535768826
+8613005697006
+8613306159908
+8613862956168
+8613816837306
+8613675760958
+8613985785524
+8613751054427
+8613460797888
+8613582120227
+8613692299484
+8613735223227
+8615980966903
+8613788965353
+8613692364728
+8613916860670
+8613888111909
+8613486573507
+8613736501338
+8615967116518
+8613919000301
+8613066111188
+8615989366538
+8613278787878
+8613526716838
+8613640906368
+8613702983794
+8613601084667
+8613580726618
+8613829190296
+8615888888888
+8613971185348
+8613966214455
+8613507268833
+8613911284477
+8613115713417
+8613643139892
+8613809612028
+8613729377546
+8613569655550
+8613925131093
+8613906712106
+8613870602157
+8613987491977
+8613953864042
+8613922845229
+8613807077078
+8613027211436
+8613665029307
+8613605828528
+8613823779592
+8613021932116
+8613815666997
+8613705513424
+8613976600955
+8613798313790
+8613401235511
+8613711456654
+8615901778805
+8613605558622
+8613914141001
+8613917159924
+8613726713377
+8613786988046
+8613606083319
+8613707205820
+8613055039120
+8613714788386
+8613707888334
+8613398162244
+8613979601999
+8613855879058
+8613711565952
+8613872758666
+8613983002009
+8613600199569
+8613612502001
+8613049837362
+8615926518325
+8613928616182
+8613992386592
+8613306508666
+8613120277276
+8613007401404
+8613265888788
+8613590123184
+8613586568245
+8613715280345
+8613949062167
+8613584619588
+8613961936913
+8615949942660
+8613965119889
+8613961936889
+8613938363281
+8613309120407
+8613038985767
+8613162766363
+8613305002293
+8613738188005
+8613681072593
+8613901987779
+8613196433012
+8613933524256
+8613162533707
+8613227195966
+8613212304954
+8613005664138
+8615900620520
+8613760828255
+8613882219631
+8613616015602
+8613361306965
+8613917759192
+8615988888888
+8613975071415
+8613585523034
+8613886710735
+8613539112688
+8613787086688
+8613884527818
+8613808277820
+8613500509695
+8613914544897
+8613282026512
+8613608623344
+8613330551783
+8613642573206
+8613893253776
+8613808057483
+8613390888567
+8613990818661
+8613450901666
+8613724595188
+8613591013443
+8613707993846
+8613501039061
+8613963860107
+8613977972746
+8613561037780
+8613863892180
+8613884990051
+8613113113131
+8613806865285
+8613602338021
+8613773156825
+86135235664646
+8613903705312
+8613808038165
+8613666209889
+8603725188921
+8613910388050
+86053289692730
+8613801285433
+86075783880010
+8615336595635
+86075726880020
+8602033350006
+8613606287878
+8613526904142
+8613506751538
+8613273228191
+8613792333395
+8615831150036
+8613971576587
+8613806673934
+8613562311094
+8613590108475
+8613709484528
+8613307161079
+8615920087753
+8613456213536
+8613548511898
+8613609104567
+8602113321999
+8613399929575
+8613101250362
+8613871535727
+8613679665945
+8613792588979
+8613570254644
+8613426150636
+8613588863818
+8613530924881
+8613520278529
+8613838089210
+8613564466246
+8613311807719
+8613771081719
+8613758455512
+8613988818859
+8602033558728
+8613961496008
+8613828080185
+8613507914177
+8613905552138
+8613463504435
+8613244853062
+8613701816738
+8615903195558
+8613336038833
+8605928688388
+8613015688276
+8613916032077
+8613702562114
+8613940960105
+8602033362525
+8613689007728
+8613075493322
+8613607812923
+8613598982667
+8613614665760
+86037163023197
+8613236105000
+8602585409698
+8613853206368
+8613055860966
+8613666158275
+8613580834303
+8605798313080
+861399995666
+8601087315678
+8613671945762
+8613325126837
+8607976180112
+86057466014209
+8605927547279
+8603102812876
+8613606326281
+8613311111111
+8602088283551
+8613651632128
+8613836386077
+8613807682529
+8613549928916
+8613705462639
+8613912121494
+8613687692175
+8615802278549
+8613439965167
+8613143729270
+8613788924592
+8613859082153
+861351000454
+8613551000455
+8613803587227
+8613909057905
+8613631304695
+8613630656569
+8613556855439
+8605364386868
+86076986726116
+8613363954690
+86075780329620
+86075782666554
+8613525937471
+8613866666666
+8613065000456
+8612345678000
+8613227800279
+8613132259140
+8615601056000
+8613602035889
+8602362350810
+8613035304124
+8613822334587
+8613501202004
+8613906519957
+8613013991516
+8613632660465
+8613305206980
+8613601374935
+8615853211011
+8613033776359
+8613706212056
+8613901360518
+8610987654321
+8613962736077
+8607698115301
+8613326521280
+8613752364255
+8602088312590
+8613512111418
+8615805517317
+8613902969433
+86057388165343
+8613030870939
+8613837226662
+8613872587236
+8613602801922
+8613980355688
+8607606866282
+8613506929906
+8613905248100
+8613910909118
+8613395887626
+8603125527691
+8613590474851
+8613921134022
+8613071993299
+8613877286906
+86138584222756
+8613500316499
+86138591000000
+86037161933901
+8607133651756
+8615976510372
+8613936771539
+8613356784587
+8613115314552
+8613809364488
+8613246637672
+8613672155176
+8613607953689
+8613811671830
+8613711520838
+8613825776516
+8601086626724
+8613711630735
+8613356917188
+8613701554818
+8613789898665
+8613386140527
+8613396564848
+8613511032906
+8613910789048
+8607143664141
+8613910633442
+8608336197839
+8613156246092
+8613585098120
+8615900824137
+8613912968408
+8613382099707
+8613939033155
+8602762119474
+8613366885590
+8601087321118
+8609918164377
+8613899833864
+8613751100555
+8613987265671
+8613353509827
+8602586318287
+8613388390699
+8613883700039
+8613920479881
+8613985037181
+8613965222026
+8613961381819
+8615979131236
+8613801682952
+8613862057349
+8613928397108
+8613942721010
+8613802200192
+8613753761704
+8613050059430
+8615939582576
+8613999912697
+8613653133113
+8613438480371
+8613605845641
+8613504901060
+8613876303511
+8613341696556
+8613970728239
+8613858117578
+8613805233233
+8613502335750
+8613931073626
+8615805139920
+8613575772988
+8613996107188
+8613823811668
+8613479857262
+8613063668872
+8613700000001
+8613921632868
+8613720169012
+8613163881505
+8613300000003
+8613788895319
+8613950467422
+8613978530991
+8613068774586
+8613588887799
+8613710344888
+8613750891257
+8613921300501
+8613077711598
+8613059633085
+8613929220566
+8662806518
+8613699522229
+8613812985193
+8662253758
+8613607223135
+8613725635529
+8613859883119
+8613355360011
+8613390695208
+8613781431379
+8613941220511
+8613906883939
+8613621105671
+8613185908882
+8613857100738
+8615907740133
+8613094242018
+8613967311255
+8613145733554
+8613385012689
+8613906525291
+8613832010338
+8613807373291
+8613871421821
+8613487358969
+8613953613528
+8613679062783
+8613822338865
+8613959503979
+8613876597376
+8613918247736
+8613917474102
+861384566732
+8613600558793
+8613997721972
+8613967688958
+8613763816259
+8613682699026
+8613523988394
+8613386030913
+86137
+8618151066292
+8613346918967
+8613678481130
+8613601329691
+8613113693348
+8613996070959
+8613601755808
+8613333833319
+8623273126
+8613810354835
+8613760816128
+8613858113022
+8613818897252
